0 0.5
0 0.7962701312817037
0 0.8618778561744933
0 0.8314150840010578
0 0.8131735102111335
0 0.7732565532936468
0 0.7839581279138654
0 0.6930396491909299
0 0.7378181268628017
0 0.5931502410736239
0 0.6716022347420219
0 0.48656812193021914
0 0.587396780004362
0 0.5089040874326336
1 0.3900235914239423
1 0.3088171861369539
1 0.39981807008515174
1 0.24553215649629528
1 0.20163359481767884
1 0.16970563197249006
1 0.3166417122704751
1 0.14651735409632813
1 0.13109797298274267
1 0.11922164094836768
1 0.11014452011742493
1 0.10293609047046612
1 0.14451288375714272
1 0.18274639693517739
2 0.2179131770388652
2 0.25029467756259427
2 0.28016706081879417
2 0.3077873735356397
2 0.3333877162931191
2 0.3571740117899849
2 0.37932827892652843
2 0.40001033345675585
2 0.41936080810031606
2 0.4375034632790942
2 0.45454746455102657
2 0.4705894043022767
2 0.4857149669401247
2 0.5000003977092606
3 0.5135137461048126
3 0.5263159257217955
3 0.5384616183964326
3 0.550000046964964
3 0.560975637387879
3 0.5714285877068799
3 0.5813953584388541
3 0.5909090965791892
3 0.6000000033521125
3 0.6086956541621511
3 0.6170212777736284
3 0.6250000006984776
3 0.6326530616390613
3 0.6400000002468452
4 0.6470588236765173
4 0.6538461539336886
4 0.6603773585426931
4 0.6666666666978049
4 0.6727272727458868
4 0.6785714285825372
4 0.6842105263224229
4 0.6896551724177566
4 0.6949152542396579
4 0.7000000000014175
4 0.7049180327877336
4 0.7096774193553482
4 0.7142857142860202
4 0.7187500000001835
5 0.7230769230770331
5 0.7272727272727932
5 0.7313432835821292
5 0.7352941176470826
5 0.7391304347826231
5 0.7428571428571512
5 0.7464788732394418
5 0.7500000000000031
5 0.7534246575342484
5 0.7567567567567579
5 0.7600000000000006
5 0.7631578947368423
5 0.7662337662337666
5 0.7692307692307692
6 0.7721518987341773
6 0.7750000000000001
6 0.7777777777777776
6 0.7804878048780488
6 0.7831325301204819
6 0.7857142857142857
6 0.7882352941176471
6 0.7906976744186045
6 0.793103448275862
6 0.7954545454545454
6 0.7977528089887641
6 0.7999999999999999
6 0.8021978021978022
6 0.8043478260869565
7 0.8064516129032258
7 0.8085106382978724
7 0.8105263157894737
7 0.8125000000000001
7 0.8144329896907216
7 0.8163265306122451
7 0.8181818181818182
7 0.8200000000000001
7 0.8217821782178216
7 0.8235294117647057
7 0.8252427184466021
7 0.8269230769230771
7 0.8285714285714284
7 0.8301886792452833
8 0.8317757009345795
8 0.8333333333333333
8 0.8348623853211009
8 0.8363636363636364
8 0.8378378378378379
8 0.8392857142857144
8 0.8407079646017699
8 0.8421052631578949
8 0.8434782608695652
8 0.8448275862068962
8 0.8461538461538465
8 0.8474576271186441
8 0.8487394957983194
8 0.85
9 0.8512396694214877
9 0.8524590163934426
9 0.853658536585366
9 0.8548387096774193
9 0.8560000000000003
9 0.8571428571428572
9 0.8582677165354329
9 0.8593749999999999
9 0.8604651162790697
9 0.8615384615384613
9 0.862595419847328
9 0.8636363636363636
9 0.8646616541353381
9 0.865671641791045
10 0.8666666666666668
10 0.8676470588235294
10 0.8686131386861313
10 0.8695652173913045
10 0.8705035971223022
10 0.8714285714285717
10 0.8723404255319149
10 0.8732394366197183
10 0.8741258741258741
10 0.875
10 0.8758620689655173
10 0.8767123287671232
10 0.8775510204081631
10 0.8783783783783785
11 0.8791946308724833
11 0.88
11 0.8807947019867548
11 0.8815789473684209
11 0.8823529411764708
