0 35.71251400000037
0 39.649254400000416
0 33.00350960000016
0 30.097706000000013
0 31.084592000000015
0 25.426163999999982
0 36.34463540000001
0 35.01257560000003
0 34.676392800000016
0 35.684381600000016
0 31.76480600000001
0 28.889848200000014
0 35.09370040000002
0 33.00081199999998
1 32.250561999999995
1 37.0255704
1 36.0700078
1 30.655627000000045
1 31.103454000000035
1 30.441801000000037
1 32.39174880000007
1 30.586968000000034
1 30.902633600000033
1 27.072013000000034
1 32.08068140000003
1 15.44242319999998
1 15.463723999999981
1 14.860975399999978
2 14.973900999999978
2 15.710937999999983
2 15.044652800000016
2 13.386821000000026
2 14.714141400000031
2 15.137605400000039
2 14.61978140000002
2 13.74523860000002
2 14.73720080000002
2 13.910940800000002
2 14.685340200000018
2 13.065735400000007
2 14.075293000000006
2 14.491259200000012
3 14.276993000000013
3 13.50945960000002
3 13.936805200000046
3 13.157064200000043
3 13.080452200000042
3 13.92604900000005
3 13.09300160000006
3 10.200282000000024
3 12.916733800000051
3 13.221634600000058
3 12.947455200000055
3 11.56448340000003
3 11.156460800000032
3 12.080573600000042
4 10.006999800000024
4 11.572161000000031
4 11.621729000000007
4 12.718022800000016
4 11.613210000000002
4 12.483185000000006
4 12.306361600000008
4 11.581703599999996
4 11.989995000000006
4 11.16353059999999
4 10.523746599999974
4 11.956799600000005
4 10.664438799999989
4 10.369660999999985
5 12.04958240000001
5 12.020456400000008
5 12.355316400000044
5 12.335841200000045
5 10.794057400000016
5 10.728201600000014
5 10.275851800000016
5 10.471883200000018
5 11.495793000000033
5 12.027548000000044
5 10.97781120000003
5 12.081922600000041
5 15.920790200000088
5 10.654059200000026
6 11.582704600000032
6 10.71391540000002
6 12.060457399999994
6 14.676367600000015
6 11.668848799999987
6 17.971548800000072
6 15.910817000000074
6 17.567758000000104
6 18.630539600000077
6 17.610138400000075
6 14.836484200000024
6 16.884733200000078
6 18.74863520000008
6 17.74474200000007
7 18.522891200000075
7 17.720310000000097
7 17.871532800000026
7 18.477832600000028
7 15.724534600000084
7 18.458811800000024
7 17.175325399999966
7 16.589041999999964
7 16.91005180000001
7 18.632898200000007
7 15.367311400000068
7 15.021056800000064
7 17.416649999999986
7 18.785714200000015
8 18.425033800000023
8 18.051990200000002
8 18.149682599999956
8 18.48734939999995
8 18.56071259999996
8 18.398580799999944
8 14.476465400000054
8 17.8667968
8 14.639657200000038
8 18.68440899999999
8 18.190869199999973
8 15.197760200000038
8 18.606817199999988
8 18.276898599999974
9 14.066755200000028
9 17.49494819999998
9 16.047138800000067
9 16.721775800000124
9 17.540215000000117
9 17.113302800000092
9 17.960319800000065
9 18.908353200000064
9 18.03152900000008
9 18.839188400000086
9 17.30859000000007
9 16.26651959999999
9 18.016985600000094
9 19.333658600000085
10 14.361559200000032
10 18.71965300000009
10 14.965715400000049
10 18.198303599999985
10 15.497912600000056
10 16.232500800000015
10 13.54094700000006
10 18.900548600000022
10 14.890406400000085
10 17.906310400000027
10 17.98054980000002
10 17.615690400000027
10 15.42622920000009
10 17.941161600000033
11 18.273638200000033
11 14.030382200000076
11 16.94711779999993
11 18.703204799999916
