0 0.5
0 0.9702812566317733
0 0.9198431924304907
0 0.905527361754754
0 0.9710007356017893
0 0.8963270143022523
0 0.963470321041068
0 0.8827890032359955
0 0.9527999549520139
0 0.8703162832287714
0 0.9390508899412233
0 0.8613547498086751
0 0.9232322796279308
0 0.9078542109671868
1 0.8584079026988295
1 0.8580126223597919
1 0.8942421576023141
1 0.8602915008578352
1 0.865626422059698
1 0.8714720061018316
1 0.8860008025984472
1 0.8774576199821473
1 0.8838529876102015
1 0.889722526270606
1 0.8952004756866888
1 0.9002582947640709
1 0.8573977296999934
1 0.863774865381077
2 0.8696415671053596
2 0.8750422271705477
2 0.8800234252898788
2 0.8461734466465255
2 0.8518627978059383
2 0.8214369342538043
2 0.82759093628054
2 0.8333360329109576
2 0.8064535833277351
2 0.8125011272806765
2 0.8181824681531829
2 0.8235297872438687
2 0.8285716458658169
2 0.8333334592921464
3 0.837837910964628
3 0.8421053056733309
3 0.8461538709050611
3 0.8500000144273552
3 0.853658545004752
3 0.8571428620614765
3 0.8604651191554257
3 0.86363636532
3 0.8444444456957445
3 0.8478260876884626
3 0.8510638302182845
3 0.8541666669207236
3 0.8367346940611424
3 0.8200000001282914
4 0.8235294118404873
4 0.8269230769680729
4 0.8113207547480781
4 0.7962962963173591
4 0.8000000000125195
4 0.8035714285789015
4 0.8070175438641123
4 0.8103448275888743
4 0.8135593220354933
4 0.8166666666676209
4 0.8032786885252369
4 0.7903225806455935
4 0.7936507936510522
4 0.7968750000001554
5 0.8000000000000933
5 0.803030303030359
5 0.8059701492537652
5 0.808823529411785
5 0.811594202898563
5 0.8142857142857214
5 0.8169014084507087
5 0.8194444444444472
5 0.8219178082191796
5 0.8243243243243253
5 0.8266666666666671
5 0.8289473684210528
5 0.8311688311688316
5 0.8333333333333333
6 0.8354430379746838
6 0.8375
6 0.8271604938271603
6 0.8292682926829268
6 0.8313253012048194
6 0.8333333333333333
6 0.835294117647059
6 0.8372093023255813
6 0.8390804597701148
6 0.8409090909090908
6 0.8426966292134832
6 0.8333333333333333
6 0.8351648351648352
6 0.8369565217391304
7 0.8387096774193549
7 0.8404255319148937
7 0.8421052631578947
7 0.8437500000000001
7 0.8453608247422679
7 0.8367346938775513
7 0.8383838383838385
7 0.8400000000000001
7 0.8316831683168315
7 0.8333333333333331
7 0.8349514563106799
7 0.8365384615384617
7 0.8285714285714284
7 0.8301886792452833
8 0.8317757009345795
8 0.8333333333333333
8 0.8348623853211009
8 0.8363636363636364
8 0.8378378378378379
8 0.8392857142857144
8 0.8407079646017699
8 0.8333333333333335
8 0.8347826086956522
8 0.8275862068965514
8 0.8290598290598293
8 0.8305084745762713
8 0.8319327731092439
8 0.8333333333333333
9 0.8347107438016529
9 0.8278688524590163
9 0.829268292682927
9 0.8225806451612903
9 0.8240000000000003
9 0.8253968253968256
9 0.826771653543307
9 0.8281249999999999
9 0.8294573643410853
9 0.8307692307692305
9 0.8320610687022899
9 0.8333333333333334
9 0.8345864661654133
9 0.8358208955223884
10 0.8370370370370371
10 0.8382352941176471
10 0.8394160583941606
10 0.8333333333333335
10 0.8345323741007195
10 0.8285714285714287
10 0.8297872340425532
10 0.8239436619718309
10 0.8251748251748251
10 0.826388888888889
10 0.8275862068965518
10 0.8287671232876712
10 0.8299319727891156
10 0.8310810810810813
11 0.8322147651006713
11 0.8333333333333333
11 0.8278145695364237
11 0.8289473684210525
11 0.8300653594771243
