0 0.11538461538461542
0 0.023076923076923106
0 0.033333333333333326
0 0.045454545454545414
0 0.05833333333333335
0 0.045454545454545414
0 0.0461538461538461
0 0.05833333333333335
0 0.06153846153846154
0 0.07499999999999996
0 0.025000000000000022
0 0.16666666666666663
0 0.11538461538461542
0 0.0
1 0.008333333333333304
1 0.038461538461538436
1 0.023076923076923106
1 0.01666666666666672
1 0.025000000000000022
1 0.07499999999999996
1 0.12307692307692308
1 0.025000000000000022
1 0.04166666666666663
1 0.010000000000000009
1 0.06153846153846154
1 0.275
1 0.1454545454545455
1 0.020000000000000018
2 0.08181818181818179
2 0.10909090909090913
2 0.25
2 0.12727272727272732
2 0.21666666666666667
2 0.15000000000000002
2 0.13636363636363635
2 0.24545454545454548
2 0.10833333333333328
2 0.15000000000000002
2 0.09090909090909094
2 0.19090909090909092
2 0.045454545454545414
2 0.0636363636363636
3 0.1166666666666667
3 0.19090909090909092
3 0.06666666666666665
3 0.0636363636363636
3 0.0636363636363636
3 0.08333333333333337
3 0.09999999999999998
3 0.30000000000000004
3 0.125
3 0.05833333333333335
3 0.09999999999999998
3 0.2666666666666667
3 0.2666666666666667
3 0.18333333333333335
4 0.19999999999999996
4 0.2666666666666667
4 0.2545454545454545
4 0.09999999999999998
4 0.07272727272727275
4 0.10833333333333328
4 0.1454545454545455
4 0.15000000000000002
4 0.10833333333333328
4 0.26363636363636367
4 0.2833333333333333
4 0.1166666666666667
4 0.054545454545454564
4 0.19999999999999996
5 0.09090909090909094
5 0.09166666666666667
5 0.0636363636363636
5 0.06666666666666665
5 0.09090909090909094
5 0.07272727272727275
5 0.07272727272727275
5 0.09090909090909094
5 0.14166666666666672
5 0.08333333333333337
5 0.09090909090909094
5 0.08333333333333337
5 0.07499999999999996
5 0.07272727272727275
6 0.09999999999999998
6 0.23636363636363633
6 0.06666666666666665
6 0.12307692307692308
6 0.09166666666666667
6 0.07857142857142863
6 0.07499999999999996
6 0.1461538461538462
6 0.0357142857142857
6 0.15000000000000002
6 0.23571428571428577
6 0.08461538461538465
6 0.07857142857142863
6 0.12857142857142856
7 0.09285714285714286
7 0.06153846153846154
7 0.09999999999999998
7 0.09999999999999998
7 0.23571428571428577
7 0.050000000000000044
7 0.09999999999999998
7 0.2142857142857143
7 0.0692307692307692
7 0.07857142857142863
7 0.09999999999999998
7 0.2571428571428571
7 0.05384615384615388
7 0.06428571428571428
8 0.0714285714285714
8 0.09285714285714286
8 0.09285714285714286
8 0.05714285714285716
8 0.0714285714285714
8 0.07692307692307687
8 0.27142857142857146
8 0.07857142857142863
8 0.24615384615384617
8 0.0714285714285714
8 0.0692307692307692
8 0.19285714285714284
8 0.023076923076923106
8 0.07857142857142863
9 0.30000000000000004
9 0.13571428571428568
9 0.2142857142857143
9 0.15714285714285714
9 0.06428571428571428
9 0.0461538461538461
9 0.06428571428571428
9 0.0714285714285714
9 0.10769230769230764
9 0.06428571428571428
9 0.12857142857142856
9 0.09230769230769231
9 0.09999999999999998
9 0.05714285714285716
10 0.19999999999999996
10 0.06428571428571428
10 0.25
10 0.09999999999999998
10 0.22857142857142854
10 0.17142857142857137
10 0.25
10 0.0714285714285714
10 0.09999999999999998
10 0.08571428571428574
10 0.06428571428571428
10 0.0714285714285714
10 0.1461538461538462
10 0.09999999999999998
11 0.050000000000000044
11 0.2571428571428571
11 0.15714285714285714
11 0.0461538461538461
