0 -47.64209748537188
1 -85.70672498450344
2 -81.86136165316358
3 -84.05783909074145
4 -88.87364456751152
5 -94.90029320732711
6 -99.42904226247657
7 -103.68473359287265
8 -108.0362427331055
9 -111.85319962947989
10 -115.04559898746982
11 -118.13160295930959
12 -121.03967898929875
13 -123.49448676009513
14 -125.67060604912228
15 -127.76559931013821
16 -129.79632764661778
17 -131.81917584381335
18 -133.42021011376096
19 -135.08892592222173
20 -136.709606200395
21 -138.3510975856493
22 -139.74452646426994
23 -141.2764157432639
24 -142.76448156752258
25 -144.1933898854627
26 -145.5726702901245
27 -146.9068022478334
28 -148.2568350004417
29 -149.38005899781956
30 -150.44785938428504
31 -151.49490123004853
32 -152.57039754633934
33 -153.63835400974313
34 -154.71170588769291
35 -155.65433330515089
36 -156.50776769523145
37 -157.26354649816813
38 -158.11162477769676
39 -158.96339344140597
40 -159.82835682949053
41 -160.60823084211006
42 -161.4743514548959
43 -162.23628870000948
44 -163.08286982745085
45 -163.89122116220415
46 -164.67202061141597
47 -165.36411745512078
48 -166.08551261152843
49 -166.76297318519892
50 -167.46183068497612
51 -168.18782217667012
52 -168.88493446804296
53 -169.60866032189733
54 -170.29074869165288
55 -170.85799967088315
56 -171.40612504501314
57 -171.9549713050701
58 -172.5813661290613
59 -173.14481669672386
60 -173.73091791343904
61 -174.3170675971096
62 -174.82294095872385
63 -175.3521207371432
64 -175.84640998361465
65 -176.42219718803062
66 -176.97817444055363
67 -177.53887183248662
68 -177.98803118569867
69 -178.47776576239266
70 -179.02304976410142
71 -179.5607213586136
72 -180.04948817725653
73 -180.49719162461497
74 -180.91391588110764
75 -181.33979695062226
76 -181.79466587978914
77 -182.2700596893983
78 -182.72070718903888
79 -183.16187146810807
80 -183.5993687082664
81 -184.04762720724102
82 -184.46896024446778
83 -184.88709139880848
84 -185.30716354620108
85 -185.74986700168665
86 -186.15303858899279
87 -186.54985559262877
88 -186.94405868419472
89 -187.30398439552937
90 -187.69621681146236
91 -188.0696621281968
92 -188.4518432014611
93 -188.83152788094594
94 -189.23678398690572
95 -189.61125242229355
96 -189.95104244553295
97 -190.31632059112962
98 -190.68251047139347
99 -191.03285406349278
100 -191.3917119626767
101 -191.70735802172567
102 -192.03180687367603
103 -192.38184910852215
104 -192.73558400953516
105 -193.07600562636432
106 -193.40612379683807
107 -193.72765544476533
108 -194.05997475710865
109 -194.38246519037057
110 -194.6695707631061
111 -195.01708426197183
112 -195.36689509317512
113 -195.69221895977532
114 -196.00536360570732
115 -196.27778670869338
116 -196.56752936343582
117 -196.87929093863386
118 -197.16419766879153
119 -197.4255300943969
120 -197.7110332776756
121 -198.02874982386857
122 -198.29108832676502
123 -198.55640944938204
124 -198.85086735895675
125 -199.11793961448166
126 -199.37134244208573
127 -199.6589541029698
128 -199.92234588289466
129 -200.19063672850461
130 -200.47049889435038
131 -200.75838175394165
132 -201.04405641101403
133 -201.28486682905896
134 -201.53626936651017
135 -201.7990705769771
136 -202.05666418158583
137 -202.33086862649543
138 -202.60197709306522
139 -202.83436359799998
140 -203.09837504192
141 -203.35942520825847
142 -203.594184036383
143 -203.86635690386902
144 -204.11031833284142
145 -204.33069616187277
146 -204.56832747153206
147 -204.82076315323684
148 -205.0694192870924
149 -205.29294423231113
150 -205.53726980386455
151 -205.75785806126805
152 -206.00295282286788
153 -206.21767846101466
154 -206.44971825778885
155 -206.6900888326927
156 -206.90058217831938
157 -207.10026618321717
158 -207.32367058510135
159 -207.5475835289999
160 -207.78428486099438
161 -207.9996703511806
162 -208.2099544133107
163 -208.41346962079842
164 -208.6057136833115
165 -208.78611042062767
166 -209.0062416058936
167 -209.2214226678443
168 -209.44068604043787
169 -209.63812837184742
170 -209.87342515580895
171 -210.08874683680915
172 -210.2948422030313
173 -210.48833552348515
174 -210.70604337137775
175 -210.90858776492314
176 -211.06691493937615
177 -211.2435117179266
178 -211.4437112614687
179 -211.6352916765136
180 -211.7926200063921
181 -211.98148315305662
182 -212.16039485716465
183 -212.34326458672876
184 -212.52922525006943
185 -212.70384548857695
186 -212.8910671247395
187 -213.0725921362282
188 -213.25709431217547
189 -213.44370219809934
190 -213.63321957509106
191 -213.80403060576282
192 -213.9694873826811
193 -214.14703481769175
194 -214.34708175187916
195 -214.51075330375897
196 -214.67740852708448
197 -214.83963999186744
198 -215.0297623088154
199 -215.21891360202426
200 -215.40344022570935
201 -215.5775352739838
202 -215.74569723270906
203 -215.9195493672887
204 -216.0939651308363
205 -216.26968238100744
206 -216.44380567899134
207 -216.6177961925132
208 -216.7774833833064
209 -216.95826746326202
210 -217.13607084810792
211 -217.31652191031026
212 -217.47508884395575
213 -217.65174342332102
214 -217.8310478941603
215 -218.0004646493835
216 -218.15660921953895
217 -218.32238361041163
218 -218.48466328728318
219 -218.63864600750458
220 -218.8042074793848
221 -218.97783176051598
222 -219.14998743340766
223 -219.31661218782392
224 -219.49128600559197
225 -219.6415195893751
226 -219.79983108417582
227 -219.95409142534845
228 -220.10303227912664
229 -220.257938522107
230 -220.41482881652337
231 -220.5723477983629
232 -220.70229408008527
233 -220.82735811890598
234 -220.97328960933737
235 -221.12247355734144
236 -221.26401386260838
237 -221.42275311836056
238 -221.58208525213558
239 -221.72680990289518
240 -221.86967298647141
241 -222.02074584821457
242 -222.14806922304342
243 -222.29667945617624
244 -222.42553542135647
245 -222.55398172241257
246 -222.70754137554104
247 -222.85865903405283
248 -223.0000347542882
249 -223.1329845780856
250 -223.26424556149868
251 -223.42316158211543
252 -223.57426128584848
253 -223.7217584190039
254 -223.87284997769166
255 -224.02334294910543
256 -224.1660749065668
257 -224.31419175746123
258 -224.4617288815134
259 -224.59917236953697
260 -224.72308664262528
261 -224.85008828988794
262 -224.97607001689903
263 -225.1114892679725
264 -225.25336831641107
265 -225.3623400101278
266 -225.48251483563584
267 -225.59720527202808
268 -225.72627282900794
269 -225.8447368616362
270 -225.97457299847156
271 -226.10059158825607
272 -226.22226827885243
273 -226.34244176937136
274 -226.46221867759596
275 -226.5832362011497
276 -226.70656654206687
277 -226.82837859457868
278 -226.95838738694877
279 -227.07076502417476
280 -227.18600812975637
281 -227.305662172148
282 -227.42439400275543
283 -227.54167736651289
284 -227.66641230585083
285 -227.7746141709249
286 -227.88971004596533
287 -227.99268208289504
288 -228.1101865470264
289 -228.23137002642034
290 -228.35568248858544
291 -228.47601888319696
292 -228.60653054666182
293 -228.72350107820967
294 -228.84408777093267
295 -228.96276365049198
296 -229.07656019818387
297 -229.1969286690146
298 -229.316399143263
299 -229.43101589049184
300 -229.5516539658347
301 -229.65866074641235
302 -229.78631814962137
303 -229.90184708069864
304 -230.01990979311813
305 -230.13709776896576
306 -230.2379750625696
307 -230.35394138448464
308 -230.47623741500138
309 -230.59239124445594
310 -230.7010025196505
311 -230.81260489363922
312 -230.92479770176578
313 -231.04041485700145
314 -231.13357364460535
315 -231.25034470327955
316 -231.37048719812447
317 -231.48557596326282
318 -231.59796729216032
319 -231.70118880324299
320 -231.81242272187956
321 -231.923766127431
322 -232.03292288396187
323 -232.15091219398164
324 -232.2699111888942
325 -232.39267490850034
326 -232.49535173261393
327 -232.60594086686615
328 -232.71482029814797
329 -232.8188271508552
330 -232.92478265713726
331 -233.0214067091656
332 -233.13078885104187
333 -233.2326808504149
334 -233.34006431216403
335 -233.44579766302925
336 -233.5414451913457
337 -233.64877672639705
338 -233.73688319441862
339 -233.82215586978418
340 -233.91990809729032
341 -234.0182599795662
342 -234.1258261476105
343 -234.22876452083437
344 -234.3202533332078
345 -234.43202363037562
346 -234.53962227181182
347 -234.6477577353653
348 -234.7427970007193
349 -234.83631131883158
350 -234.92454332430498
351 -235.0113159829125
352 -235.09088759727456
353 -235.17199438474927
354 -235.2669549067723
355 -235.36043903417885
356 -235.46060987454985
357 -235.56375019722327
358 -235.6710759815178
359 -235.76185892359354
360 -235.8556280708799
361 -235.95964272567653
362 -236.05731690150424
363 -236.14309182951547
364 -236.229486245953
365 -236.3291858028242
366 -236.41750933561707
367 -236.5186493465517
368 -236.6202997682267
369 -236.7216682446815
370 -236.82433208819566
371 -236.92711156760924
372 -237.01741830558603
373 -237.1110135099225
374 -237.21609887416707
375 -237.31347201705648
376 -237.40940206933737
377 -237.49729272010154
378 -237.59155611931055
379 -237.6859577756113
380 -237.78280998081755
381 -237.87863282934993
382 -237.96765356379183
383 -238.05183910425694
384 -238.15151457301548
385 -238.25399314121023
386 -238.3386171673119
387 -238.42837426793267
388 -238.52017415178852
389 -238.61173883151787
390 -238.6985433147056
391 -238.7745796334566
392 -238.8673478085184
393 -238.960996621885
394 -239.05402975749894
395 -239.15129999368946
396 -239.24832390720985
397 -239.3443559016887
398 -239.42970792708365
399 -239.5178213338586
400 -239.59868107809598
401 -239.68231063293206
402 -239.77641256410425
403 -239.86145595876587
404 -239.95582223755628
405 -240.04372772722127
406 -240.12337179083988
407 -240.1952296078889
408 -240.26554998419306
409 -240.3429605866113
410 -240.4295153587227
411 -240.51193209986377
412 -240.6030588299036
413 -240.696456313839
414 -240.7878453467274
415 -240.86941227113857
416 -240.95290967123583
417 -241.0411626174464
418 -241.12566708132363
419 -241.21631271143994
420 -241.30321582139004
421 -241.3955389851908
422 -241.48482805513777
423 -241.56862566710333
424 -241.66029744584378
425 -241.74298169898248
426 -241.82581640579156
427 -241.90950669574522
428 -241.98916489168187
429 -242.07315904785355
430 -242.15349619401968
431 -242.21603407443763
432 -242.30188085019472
433 -242.38546676107944
434 -242.46816531720833
435 -242.54964758917777
436 -242.63298798217147
437 -242.71170450493082
438 -242.79636113753804
439 -242.88184257955436
440 -242.9715442369561
441 -243.05594667278638
442 -243.1357416637984
443 -243.2180638121281
444 -243.29783037913148
445 -243.37202385235287
446 -243.44942324805743
447 -243.51995823210018
448 -243.57904498424614
449 -243.6520193834731
450 -243.73211385300237
451 -243.8113680738752
452 -243.89275017118052
453 -243.96967568650143
454 -244.03954166718177
455 -244.11581324191502
456 -244.1958334728624
457 -244.28089297673432
458 -244.36511481944763
459 -244.4416567770313
460 -244.5180325620313
461 -244.59099653532758
462 -244.6718984635736
463 -244.74131812212
464 -244.81671928880678
465 -244.89067372076534
466 -244.9712051597453
467 -245.04483324614557
468 -245.120861268093
469 -245.19736348274455
470 -245.27497461785242
471 -245.34891858329502
472 -245.43000566289993
473 -245.50743059322122
474 -245.57961755651195
475 -245.6507120554743
476 -245.72134866602573
477 -245.79529693505174
478 -245.86407754958782
479 -245.93866385404544
480 -246.0159025335597
481 -246.089547104355
482 -246.15775129465328
483 -246.22396541294438
484 -246.29655278558494
485 -246.36467359997914
486 -246.43021013050748
487 -246.49227852809418
488 -246.55912127762713
489 -246.63923004931712
490 -246.71308914134715
491 -246.78345350431482
492 -246.85519255157124
493 -246.927689941469
494 -246.99641996157152
495 -247.0674208788696
496 -247.14369178537163
497 -247.21199659359988
498 -247.27867004577274
499 -247.3535847951498
500 -247.42715235501967
501 -247.49907890617033
502 -247.56520177306083
503 -247.62794409362687
504 -247.69560545054992
505 -247.765795585663
506 -247.83025671426003
507 -247.88873502772185
508 -247.96028561432468
509 -248.02965405673604
510 -248.09538735565002
511 -248.16361208721355
512 -248.2337377443182
513 -248.30314357922907
514 -248.36721320770448
515 -248.43145162628207
516 -248.501904752462
517 -248.56619013202726
518 -248.62692365139083
519 -248.68643152812732
520 -248.74868843727018
521 -248.81934108995486
522 -248.88956873161078
523 -248.95513906568522
524 -249.01410584878613
525 -249.08365735463303
526 -249.15223311995942
527 -249.22207890619754
528 -249.28562803052046
529 -249.35828397216392
530 -249.43247949289798
531 -249.49592066874175
532 -249.5592451643024
533 -249.62357022438664
534 -249.69387773446215
535 -249.76183436346764
536 -249.8263399315474
537 -249.8838310080755
538 -249.93904314503743
539 -250.0054162188535
540 -250.07522413993138
541 -250.1432590539771
542 -250.21116364879708
543 -250.27539375679044
544 -250.34195554927283
545 -250.40513151356572
546 -250.4652054754406
547 -250.5360130539193
548 -250.59910975759706
549 -250.66290085022047
550 -250.7198436621402
551 -250.78153260024555
552 -250.84445707110717
553 -250.90700085720164
554 -250.97130097389163
555 -251.02962197671877
556 -251.08864941065258
557 -251.1518181124411
558 -251.22123226449185
559 -251.28548936740845
560 -251.34487270316458
561 -251.40837624300912
562 -251.4712352133356
563 -251.52270281767414
564 -251.5832601155562
565 -251.64215547210188
566 -251.69861159080756
567 -251.75886896524753
568 -251.82187891304784
569 -251.88192875866662
570 -251.94678171533454
571 -252.01203543614247
572 -252.07665633592114
573 -252.1375548721553
574 -252.19655060069636
575 -252.25467608695908
576 -252.3152682541404
577 -252.37958415113098
578 -252.44429928221507
579 -252.50788000573812
580 -252.56650562069262
581 -252.62528579388163
582 -252.6801684076927
583 -252.7415438121243
584 -252.80155095476948
585 -252.85666769642557
586 -252.90693032748825
587 -252.96465071382408
588 -253.0140425542777
589 -253.0758217357652
590 -253.1369973908149
591 -253.20502856756502
592 -253.26896999137534
593 -253.31939876871184
594 -253.37718554666208
595 -253.43364377510443
596 -253.4892748578277
597 -253.54015994076326
598 -253.59342784489854
599 -253.6463821354264
600 -253.7053411186498
601 -253.76906646802672
602 -253.82612549960322
603 -253.88211676693754
604 -253.9414090411883
605 -253.99577184853845
606 -254.05005255398282
607 -254.09777118022612
608 -254.1602863604494
609 -254.21886874405027
610 -254.2685135888314
611 -254.3297701672127
612 -254.3885418411228
613 -254.45268951139587
614 -254.51316310341645
615 -254.57567655897583
616 -254.6319098182139
617 -254.68757500076026
618 -254.7488365740428
619 -254.80573689723678
620 -254.8682174799469
621 -254.9310709892743
622 -254.98177700699307
623 -255.03829987700738
624 -255.09590762850712
625 -255.15389374220103
626 -255.20826257964654
627 -255.25857323301898
628 -255.31441721601004
629 -255.366911102843
630 -255.42584007501137
631 -255.47491850404185
632 -255.5255597118521
633 -255.57589826309413
634 -255.63308355983463
635 -255.6775348327501
636 -255.72904877425754
637 -255.77843633206794
638 -255.8380169125885
639 -255.89226097981737
640 -255.9489230641193
641 -256.00776772813697
642 -256.0694753324642
643 -256.1292692639545
644 -256.18578886550677
645 -256.23858538661443
646 -256.2894935769
647 -256.34688232939516
648 -256.400567573437
649 -256.4582276101719
650 -256.511291830524
651 -256.5642740044859
652 -256.6207701669773
653 -256.67830045383016
654 -256.7312539052364
655 -256.787486110552
656 -256.8422879684367
657 -256.90058193160803
658 -256.9523075264442
659 -257.0006170003908
660 -257.048197082142
661 -257.100151931023
662 -257.14937662244483
663 -257.2022854149982
664 -257.25754135427997
665 -257.3153564214008
666 -257.3658172375144
667 -257.4157630796544
668 -257.46849369652045
669 -257.5187339670374
670 -257.56759316811804
671 -257.6155163398653
672 -257.66881363517314
673 -257.7194245852297
674 -257.7701790675201
675 -257.8215106789139
676 -257.86974261813157
677 -257.91963423891866
678 -257.97246854688274
679 -258.028234662037
680 -258.0837033691496
681 -258.13114147036686
682 -258.18580309653777
683 -258.2358868198644
684 -258.28547018035897
685 -258.3334926516545
686 -258.383580593043
687 -258.43168306181906
688 -258.4848112918553
689 -258.53362288311473
690 -258.58194686070783
691 -258.6295707889076
692 -258.6823966518569
693 -258.7332504570513
694 -258.7865515156009
695 -258.8385160028556
696 -258.88411372828705
697 -258.93132975198387
698 -258.9811959601793
699 -259.0280768560624
700 -259.0753115957923
701 -259.1285028162529
702 -259.18493869031954
703 -259.2313377414539
704 -259.2749887627142
705 -259.3233378637524
706 -259.3724437259807
707 -259.4272435726016
708 -259.48176007086295
709 -259.5366111322073
710 -259.5870645723189
711 -259.63046419387683
712 -259.6791391655861
713 -259.73327323071135
714 -259.78242016685545
715 -259.83537958943634
716 -259.8905125850288
717 -259.93882996089815
718 -259.9836114140053
719 -260.0334254016343
720 -260.0841851847945
721 -260.13000224927964
722 -260.1767718037445
723 -260.2265143331315
724 -260.2681132190628
725 -260.3132922865916
726 -260.3640439607407
727 -260.41030660479737
728 -260.4591137397365
729 -260.5050506042462
730 -260.552925431708
731 -260.5991399129125
732 -260.64589104865445
733 -260.68940125897643
734 -260.73504198066075
735 -260.78418845610577
736 -260.83623606908077
737 -260.87892010131327
738 -260.9239181764133
739 -260.9735881556553
740 -261.0206306861219
741 -261.0674148216058
742 -261.115703990421
743 -261.1666734390892
744 -261.2124798673467
745 -261.2523616953695
746 -261.3015678274678
747 -261.34466643899214
748 -261.38694181412575
749 -261.43284979782766
750 -261.48102262910106
751 -261.53067889435624
752 -261.576399542595
753 -261.6214818499575
754 -261.6690135571116
755 -261.7107059102127
756 -261.75331495466526
757 -261.801621946317
758 -261.8452713075094
759 -261.8930679975747
760 -261.9406110834243
761 -261.9838953210419
762 -262.0257966127683
763 -262.06860350786883
764 -262.10889470430266
765 -262.1527395830635
766 -262.1974704549939
767 -262.2396995751333
768 -262.2858245163079
769 -262.3356472868327
770 -262.38202302675927
771 -262.43115229104296
772 -262.4745933935483
773 -262.5207855002227
774 -262.5680402805301
775 -262.609444195783
776 -262.6575100602349
777 -262.70067002969154
778 -262.7501014262816
779 -262.7953759442462
780 -262.84412261076795
781 -262.8902051294572
782 -262.9330743987666
783 -262.98107696570514
784 -263.02846182916255
785 -263.0781910648366
786 -263.12489545137214
787 -263.1700613688299
788 -263.2098149277881
789 -263.2497150393028
790 -263.29765813318954
791 -263.3449882381101
792 -263.38510107665206
793 -263.41986576479394
794 -263.4611806322355
795 -263.503906605707
796 -263.5480360016809
797 -263.58902161582955
798 -263.63521878382016
799 -263.6795449963247
800 -263.7214631276147
801 -263.76495678506035
802 -263.81254841609916
803 -263.8595383822394
804 -263.90358369465685
805 -263.94451007772295
806 -263.98952549594105
807 -264.03250894797384
808 -264.07238997356035
809 -264.11706225559465
810 -264.15702761532157
811 -264.2058782931854
812 -264.24859666239354
813 -264.28965802735183
814 -264.32818350910384
815 -264.373060820566
816 -264.4200136233121
817 -264.4614077930164
818 -264.4977978203533
819 -264.53875076110126
820 -264.5789486385911
821 -264.62103991293407
822 -264.6595657818398
823 -264.7033145449677
824 -264.74560592988564
825 -264.7916984640178
826 -264.83318511887046
827 -264.8747954755672
828 -264.9160095859552
829 -264.95473677522386
830 -264.9974218654679
831 -265.04057640857354
832 -265.0789950494509
833 -265.1210085392231
834 -265.16107201133855
835 -265.19953585274925
836 -265.2410614945984
837 -265.2809890007775
838 -265.327917421906
839 -265.3691190537211
840 -265.40975764564064
841 -265.4506909189804
842 -265.49636943175574
843 -265.54216482622724
844 -265.57832839326875
845 -265.62486890332366
846 -265.6665747838706
847 -265.710106184968
848 -265.7517106456362
849 -265.79122528784507
850 -265.83103370553
851 -265.86910411171266
852 -265.9042612639314
853 -265.9405702547956
854 -265.9852705442754
855 -266.0235204930068
856 -266.06071748379327
857 -266.10224119893974
858 -266.14522441191366
859 -266.18447237319197
860 -266.22534758929396
861 -266.26868181012105
862 -266.31296791930805
863 -266.35019024211215
864 -266.3910393570841
865 -266.43151014254545
866 -266.46479075212847
867 -266.5058375507506
868 -266.5448493394506
869 -266.5851416187652
870 -266.62522129312856
871 -266.66476161677565
872 -266.7052446290181
873 -266.7451872424281
874 -266.7880442664755
875 -266.83002937473066
876 -266.8696656793764
877 -266.9097495320457
878 -266.94765906491375
879 -266.98160782209015
880 -267.01732351098326
881 -267.0552856406139
882 -267.0923942475056
883 -267.13238539762096
884 -267.1695777650748
885 -267.20673000023817
886 -267.24788207568054
887 -267.2864050403732
888 -267.3284311234456
889 -267.3716990412504
890 -267.4100845671928
891 -267.44730217626784
892 -267.48737221371266
893 -267.52210399247997
894 -267.56496962661913
895 -267.60298506477557
896 -267.6428761648858
897 -267.68016786572116
898 -267.7131210610969
899 -267.7535209807247
900 -267.79324069536233
901 -267.8316445481032
902 -267.87016499237507
903 -267.9137141115061
904 -267.95103739718616
905 -267.9870545525773
906 -268.02698287766543
907 -268.06576269207295
908 -268.1078100403538
909 -268.1490231186908
910 -268.1845193517074
911 -268.2221813069773
912 -268.25886165664997
913 -268.2983263350616
914 -268.3336749794835
915 -268.36883650040545
916 -268.4052082424023
917 -268.44310349726584
918 -268.48531759233447
919 -268.5242154537409
920 -268.56229390684166
921 -268.5990865339263
922 -268.6369271393778
923 -268.6720958359656
924 -268.7038288757467
925 -268.74309986805025
926 -268.78294426466164
927 -268.8199712441856
928 -268.8568046709843
929 -268.8945223444316
930 -268.92882348570856
931 -268.966155888862
932 -269.0062051293062
933 -269.0465160489548
934 -269.0883137552737
935 -269.1296077280422
936 -269.17009208811214
937 -269.2071697076026
938 -269.24023635034973
939 -269.2807442401536
940 -269.3204467145115
941 -269.356906615998
942 -269.3901395411667
943 -269.4244009965041
944 -269.46545343282924
945 -269.50555189084844
946 -269.5443954554503
947 -269.58349903651106
948 -269.62150165961066
949 -269.6609749533818
950 -269.7002554386272
951 -269.7363205823349
952 -269.7717442639696
953 -269.81135332256963
954 -269.8480561990873
955 -269.88652715523494
956 -269.92510787917126
957 -269.9558354682522
958 -269.99088755925186
959 -270.03219697863096
960 -270.06971778957814
961 -270.10555303380534
962 -270.14404207034386
963 -270.1818925887055
964 -270.21477805884206
965 -270.2506137439923
966 -270.2905818690924
967 -270.33199838867586
968 -270.37098984542536
969 -270.4038391056092
970 -270.4378491833195
971 -270.4700462731853
972 -270.5045857185615
973 -270.5416047676554
974 -270.57533619999595
975 -270.6056488980539
976 -270.63785261654994
977 -270.671057415253
978 -270.7102428805956
979 -270.7488016116258
980 -270.7823391286074
981 -270.8158445394365
982 -270.8545777909021
983 -270.89370948240685
984 -270.93207051462383
985 -270.9725831773103
986 -271.01159471091523
987 -271.04954418574926
988 -271.0803072902054
989 -271.1133742874954
990 -271.14670352250687
991 -271.17971220020263
992 -271.2167478840129
993 -271.24752167744737
994 -271.2805816740438
995 -271.3159219444642
996 -271.34719096722256
997 -271.38231924876163
998 -271.41655006588553
999 -271.4541933028231
