0 35.38740580000037
0 35.81436020000037
0 36.02663120000017
0 31.710420000000003
0 25.336759999999984
0 29.88432500000002
0 33.88264399999977
0 30.734411999999846
0 30.245682399999843
0 35.35528599999978
0 30.306759999999844
0 34.004918799999786
0 21.16019919999995
0 23.840253999999938
1 33.60884279999977
1 30.613707999999832
1 31.597151999999813
1 22.59908199999997
1 31.919531399999826
1 23.535671999999963
1 28.473636999999968
1 31.056275999999905
1 27.127451999999984
1 26.281271
1 26.482691000000003
1 26.641560999999992
1 23.49009480000003
1 27.389373999999982
2 27.236421999999987
2 27.510353999999978
2 23.929400000000047
2 19.832797000000078
2 26.352985000000032
2 25.732877000000045
2 24.62963160000006
2 24.944326000000057
2 25.141205000000067
2 23.871280000000088
2 24.39419900000008
2 14.345408000000008
2 13.186136199999998
2 10.19818319999998
3 14.027668000000004
3 13.439532
3 14.465522400000049
3 13.71797240000007
3 11.808048400000038
3 13.19112600000006
3 13.27981280000008
3 10.447785800000018
3 12.138751800000046
3 13.324156200000076
3 12.929021400000064
3 11.708158600000026
3 9.746409600000005
3 12.138751800000042
4 13.11583260000007
4 9.4739306
4 11.074302800000012
4 12.391418800000052
4 12.973364800000066
4 13.105076400000069
4 12.35308360000004
4 9.622143200000009
4 12.31193000000004
4 12.048506800000036
4 10.39112800000002
4 12.67160640000005
4 12.564597000000047
4 12.619696600000049
5 12.487985000000046
5 12.35584480000004
5 10.375296399999986
5 10.277073599999962
5 11.594625999999973
5 12.706740999999976
5 11.288154599999968
5 15.734062799999998
5 11.92428119999997
5 12.03835599999997
5 9.602295799999958
5 14.224682399999995
5 15.846849000000004
5 12.194443999999972
6 12.59469979999998
6 15.565791400000002
6 14.45439200000002
6 10.971850000000014
6 14.01959980000005
6 16.12075800000003
6 19.030622599999916
6 15.569483000000078
6 16.88506639999993
6 17.944216999999938
6 18.88896199999992
6 17.842382799999918
6 17.013451199999924
6 15.8106408000001
7 16.341343200000047
7 17.705766999999923
7 18.511631199999922
7 18.370449999999924
7 19.406529199999927
7 18.565103199999932
7 17.663069799999896
7 17.27577399999988
7 17.785227999999883
7 19.201454399999882
7 18.48950699999989
7 17.05013499999989
7 17.249609599999893
7 14.512626800000046
8 14.780927000000045
8 16.095567200000044
8 19.003790400000064
8 19.095456600000123
8 16.70042919999999
8 16.311789399999988
8 17.519708000000097
8 19.493569600000143
8 17.80690860000009
8 17.73741680000008
8 19.475977600000107
8 19.1494452000001
8 19.3827196000001
8 17.962277200000095
9 17.365729200000086
9 15.238776399999962
9 19.365670000000048
9 17.69369959999998
9 18.259407799999984
9 18.254552999999973
9 15.367073400000077
9 18.298143200000027
9 14.9645772000001
9 16.869924600000044
9 18.85740020000006
9 16.381989600000054
9 17.85474900000005
9 14.78105080000011
10 18.064839000000067
10 14.148065200000099
10 16.319929000000055
10 16.86595000000004
10 18.932553000000077
10 16.764692400000044
10 13.402786800000047
10 18.953095800000007
10 16.254551600000035
10 16.544264199999994
10 18.293816
10 18.142015000000004
10 19.06976780000001
10 17.923945400000004
11 16.538277399999988
11 17.132299000000003
11 18.62712259999996
11 18.19624300000001
11 18.282732000000017
11 18.50102700000002
11 15.871857999999996
11 17.71060360000001
11 18.36989939999999
11 16.172190799999974
11 17.50766619999998
11 19.098969799999995
11 18.751491599999998
11 14.17160679999999
12 16.63694719999998
12 19.9357618
12 15.7036092
12 15.453900200000025
12 14.48909940000002
12 18.072494000000074
12 17.236985000000086
12 16.989170200000107
12 18.931456000000132
12 17.80841940000012
12 18.437701200000127
12 18.700737800000127
12 15.208698600000067
12 17.369019000000122
13 18.779521200000115
13 18.33934020000013
13 15.852761600000074
13 18.058383400000114
13 17.45195260000011
13 15.12324800000007
13 18.743464400000132
13 18.31402460000013
13 15.618557600000074
13 17.10190180000011
13 17.52464580000013
13 14.53674040000007
13 17.458977800000117
13 17.494464200000106
14 19.03622200000013
14 18.45321480000013
14 17.818768400000025
14 18.642312200000095
14 17.847433600000084
14 17.864904800000083
14 17.872535800000083
14 17.960806800000093
14 14.669178200000053
14 18.339523400000097
14 18.135778600000098
14 19.363591200000112
14 18.96767700000011
14 15.742481000000073
15 17.84386940000009
15 16.079456600000075
15 17.7358472
15 14.40918120000009
15 17.81434039999993
15 16.50018480000001
15 15.422299600000114
15 18.009143399999957
15 19.48708059999995
15 17.168361199999953
15 18.113023199999954
15 15.026076600000119
15 18.440677999999938
15 18.62319519999995
16 16.374582600000053
16 14.323298400000095
16 18.099019399999946
16 18.730873599999946
16 18.676579999999948
16 16.687736599999937
16 14.282614800000093
16 17.697529199999952
16 18.429247599999936
16 16.851868799999938
16 17.741733799999945
16 17.391421399999945
16 15.58803700000012
16 18.49548079999995
17 16.934250599999938
17 18.492216799999948
17 15.714643200000102
17 17.940860000000004
17 15.129576800000075
17 16.892146600000093
17 18.772761399999993
17 19.0058814
17 17.427941199999996
17 17.81079519999999
17 17.247926199999995
17 15.237580000000069
17 17.742822399999998
17 15.799828000000081
18 18.681812600000004
18 14.514405000000068
18 16.28024180000009
18 18.540964800000072
18 18.132164000000053
18 18.35630760000006
18 17.65882920000007
18 17.541661800000053
18 16.534787800000057
18 17.69329860000009
18 16.299888800000076
18 18.11977620000006
18 18.07537900000005
18 18.176430200000066
19 14.126332000000103
19 15.917074000000131
19 17.518018800000053
19 16.530936000000057
19 13.570342200000093
19 15.17257480000011
19 18.06265380000003
19 18.030564200000043
19 18.274750200000046
19 18.777932600000035
19 15.1435546000001
19 18.12134700000005
19 17.342394600000045
19 14.9685668000001
20 13.833784600000081
20 17.346207800000034
20 17.58356100000002
20 15.407537200000041
20 18.01217160000006
20 17.367755200000055
20 18.502447000000075
20 19.153052200000072
20 18.39556800000005
20 19.017178600000058
20 14.864672200000019
20 18.35536180000005
20 16.408326000000034
20 14.54142640000002
21 17.01575660000004
21 13.560374600000014
21 16.32251760000002
21 18.229242199999977
21 17.086228199999976
21 17.307250199999974
21 15.424824400000034
21 13.327623600000026
21 16.608419999999967
21 16.923034199999957
21 16.899387999999945
21 18.007486199999963
21 14.74406540000002
21 18.876975399999957
22 15.833664600000033
22 15.572327200000029
22 17.79979459999996
22 16.83742099999996
22 17.013713999999958
22 12.539211400000019
22 18.578187399999965
22 15.340322400000034
22 14.268154600000027
22 15.650125000000035
22 13.623226600000036
22 18.51864839999997
22 19.22977659999997
22 15.057275800000042
23 14.823923200000042
23 15.283348200000038
23 17.611080799999964
23 14.816328000000011
23 18.833405200000037
23 16.69460660000002
23 18.783694000000047
23 15.877379600000022
23 18.740411800000047
23 19.400641400000044
23 16.708003400000024
23 18.90561120000004
23 17.900929600000033
23 19.16355220000004
24 16.43097280000002
24 16.119112200000018
24 14.332530000000007
24 18.494422799999974
24 18.458432399999975
24 16.42420839999997
24 16.02876220000004
24 15.121922200000041
24 18.185309599999975
24 17.351508399999975
24 14.96958400000003
24 18.249632999999967
24 16.460681999999963
24 14.832905400000037
25 15.628897400000032
25 15.749958000000035
25 17.155305999999953
25 17.347627999999965
25 18.878925599999967
25 16.323004399999974
25 18.371210199999965
25 16.175944800000018
25 18.024381399999967
25 17.552656399999965
25 14.641425200000034
25 17.717657799999973
25 18.105653799999974
25 14.527329000000043
26 18.01694659999997
26 16.70467699999997
26 16.104451800000028
26 18.755156800000037
26 15.941992400000018
26 18.432079600000037
26 15.164346800000018
26 18.276325600000035
26 16.729415200000023
26 18.342538800000035
26 18.413438000000035
26 13.508997400000004
26 19.38410320000005
26 18.00941740000004
27 14.193973800000009
27 17.431462600000028
27 15.234268000000009
27 18.577103599999965
27 14.252308800000037
27 17.546407399999968
27 17.039503999999972
27 18.063197599999974
27 16.17719360000001
27 18.66565979999998
27 16.947183399999954
27 16.40117159999997
27 14.48077640000003
27 17.503100799999963
28 18.592131999999964
28 15.22999840000003
28 13.180496000000025
28 14.506275000000029
28 15.858445800000032
28 17.54467059999996
28 18.59245239999996
28 16.191646400000003
28 16.82655139999996
28 18.039174199999962
28 17.992386199999977
28 18.490632399999974
28 17.073149599999965
28 14.293562200000043
29 16.857146799999967
29 17.89493459999998
29 17.399225399999963
29 17.916985600000032
29 18.618847000000038
29 18.63838680000004
29 17.27263200000003
29 15.919033600000015
29 17.04026660000003
29 14.271982000000014
29 18.08737960000004
29 19.023768800000042
29 16.45596120000002
29 18.421435000000034
30 17.210387800000024
30 15.343713400000015
30 17.224078400000028
30 13.30408100000003
30 16.655652999999973
30 14.353372600000037
30 16.385692399999986
30 18.749001599999975
30 15.697282800000046
30 18.31894579999997
30 13.018331200000024
30 19.053097799999964
30 16.46929259999996
30 14.33882640000003
31 14.87231860000003
31 18.173017999999963
31 18.11425719999996
31 17.011707399999967
31 16.72338179999996
31 16.919370799999964
31 15.223177200000034
31 14.539425000000035
31 12.769655800000022
31 17.82681399999997
31 16.512798399999966
31 18.899217599999975
31 18.15490799999998
31 13.986698400000035
32 18.589349199999976
32 18.477691999999973
32 16.87237899999997
32 15.321223200000015
32 18.882066600000044
32 18.356043400000036
32 19.16813760000004
32 15.652893400000021
32 13.907525000000007
32 17.30938640000003
32 14.906238000000018
32 15.771804800000018
32 18.834954200000038
32 14.56421080000001
33 14.28348180000001
33 18.426493800000042
33 18.602932600000038
33 18.281030799999968
33 16.873073799999958
33 15.892052200000053
33 18.653948999999976
33 18.67582039999997
33 18.31787639999997
33 14.167258000000038
33 18.42014099999996
33 15.381745400000034
33 18.071796599999967
33 15.370978200000028
34 17.454194799999957
34 17.987154999999973
34 17.80746899999996
34 18.348094599999968
34 17.59580479999997
34 17.86314959999996
34 18.608432199999964
34 17.61790099999997
34 17.408453599999955
34 14.53608560000003
34 18.065977399999976
34 16.384587599999982
34 14.109242800000033
34 15.435989400000045
35 18.51004299999997
35 17.647692599999974
35 17.32995499999997
35 16.20050140000002
35 19.25305880000004
35 15.990696400000017
35 16.689967600000024
35 18.441039800000034
35 16.309006400000023
35 19.07824420000004
35 17.518832400000026
35 17.805517000000034
35 17.788359200000038
35 18.882935600000046
36 17.44286380000003
36 18.568469000000036
36 18.733108000000037
36 14.24043120000004
36 17.06689519999997
36 14.992041000000038
36 17.032973799999972
36 15.929181600000044
36 16.61148579999998
36 18.405167399999982
36 16.022882600000035
36 13.676345400000022
36 12.57039880000001
36 18.842310399999963
37 17.070468199999972
37 15.622022800000035
37 14.147562200000026
37 11.6844272
37 16.06349860000003
37 16.504478599999953
37 18.647228599999963
37 15.33051940000004
37 17.790823599999964
37 18.103177599999956
37 17.933755799999965
37 15.02513000000004
37 14.392798000000036
37 15.823321200000043
38 17.81185519999997
38 17.226266999999975
38 18.253535199999973
38 14.370100800000008
38 18.62984560000004
38 18.82881540000004
38 17.299586400000027
38 14.286660200000016
38 18.174479400000035
38 18.351325200000034
38 17.55474000000003
38 17.374937000000028
38 18.86941780000004
38 14.783928400000011
39 18.200884000000038
39 15.454720400000017
39 17.117031800000024
39 18.37984759999998
39 18.04337699999997
39 17.885684599999973
39 18.54809339999997
39 17.99455759999997
39 15.399684400000048
39 16.55825459999997
39 14.811813600000024
39 18.12695239999997
39 16.230821000000006
39 16.824603199999956
40 17.65264179999997
40 18.037946599999966
40 15.299838800000028
40 17.802356599999968
40 16.571942999999962
40 16.720095799999957
40 18.109647799999955
40 17.568073999999964
40 15.639088800000048
40 17.497880199999965
40 16.928768999999967
40 18.237020199999975
40 17.411005399999976
40 18.194372999999967
41 18.694669999999967
41 16.660234599999963
41 14.954979600000044
41 17.614271200000033
41 17.64225540000003
41 17.59986120000003
41 16.870658600000024
41 18.575772800000035
41 17.72165280000003
41 17.39165400000003
41 17.973198200000034
41 18.781835800000046
41 18.480820600000037
41 18.13870480000003
42 18.463895600000033
42 18.62846820000004
42 14.63451980000001
42 16.24582020000001
42 17.41587439999998
42 18.882953599999983
42 18.54410879999997
42 17.127407399999967
42 18.363466399999975
42 14.039137200000036
42 17.981920799999962
42 17.26032559999996
42 17.444964799999973
42 16.678335599999958
43 16.535748399999957
43 18.280098399999968
43 18.600258599999965
43 15.301799600000031
43 16.78550239999996
43 16.51613379999996
43 18.04379199999996
43 16.906147999999963
43 16.373250799999965
43 16.316250399999987
43 15.05127080000005
43 13.566411800000035
43 18.678600199999973
43 14.633024600000034
44 12.849888600000025
44 17.677657999999976
44 18.00907739999997
44 18.052433800000035
44 16.03031040000002
44 16.20593760000002
44 14.902704000000016
44 17.18907960000003
44 17.546575800000028
44 18.77216140000004
44 15.055497600000011
44 14.700945400000013
44 14.870216800000016
44 18.41870780000004
45 17.271462600000028
45 16.236533800000018
45 19.234209200000045
45 17.967955399999965
45 15.95071640000006
45 18.609964599999973
45 18.90624879999997
45 17.25335259999997
45 16.283440999999993
45 17.871240799999967
45 18.298538999999977
45 16.63525019999996
45 18.605047599999967
45 18.086315599999963
46 18.16290839999996
46 14.153766400000025
46 17.544225399999963
46 18.377335199999965
46 15.306870800000034
46 16.050966800000026
46 17.174895799999955
46 16.27194159999999
46 18.150247599999965
46 17.868994999999963
46 13.938921400000027
46 14.75029820000004
46 18.39127179999997
46 16.140747400000024
47 18.85924259999997
47 18.422315799999975
47 14.511569200000036
47 16.93221960000003
47 18.797759000000042
47 18.45688920000003
47 15.604500600000014
47 14.220273200000008
47 17.628737600000033
47 19.474158400000043
47 19.41939680000005
47 15.770406600000019
47 14.693772600000008
47 16.90109820000003
48 18.053783600000035
48 18.320136000000034
48 16.046188400000023
48 18.844377599999977
48 12.841802400000027
48 14.484136200000037
48 17.405739999999977
48 18.96184979999998
48 16.095744600000035
48 17.878354799999975
48 14.447780200000025
48 18.65183799999997
48 12.680388400000012
48 17.687016599999964
49 18.42024099999997
49 17.651134399999968
49 18.364394799999967
49 17.480050799999955
49 13.969893200000023
49 15.967397800000047
49 13.510271200000025
49 18.025006199999968
49 18.496106399999963
49 15.152883400000034
49 14.144814200000035
49 13.894901800000035
49 18.14177799999997
49 17.931270199999975
50 16.57959419999996
50 18.08204719999997
50 15.819039000000046
50 14.466970400000008
50 18.66151560000004
50 17.19809120000003
50 19.269983800000052
50 18.60424360000004
50 16.67165360000002
50 16.65225680000002
50 16.75663560000002
50 14.33947100000001
50 14.295339200000003
50 17.221904400000025
51 18.721383400000036
51 18.180618200000033
51 16.72911460000002
51 16.297641800000005
51 17.017659199999972
51 18.10985419999998
51 16.15207460000002
51 18.669350199999972
51 17.87942579999998
51 17.408003199999985
51 18.255478399999962
51 14.052174000000031
51 16.885841199999966
51 13.824375200000025
52 12.352945400000008
52 18.40978619999996
52 18.245968799999964
52 18.27548899999997
52 14.627718200000032
52 13.976283800000024
52 18.04808099999996
52 18.693673799999964
52 15.781559600000046
52 18.95321239999996
52 18.381162199999963
52 16.633299999999966
52 14.579255400000038
52 18.731515599999977
53 17.83854459999998
53 15.056274000000048
53 18.07592219999997
53 17.91146780000003
53 19.091893400000043
53 16.76123400000002
53 14.419517400000009
53 17.246478200000027
53 14.764766000000012
53 14.06449300000001
53 16.046396400000017
53 14.274700400000015
53 16.278351600000022
53 15.700795200000018
54 18.942113200000044
54 13.171058200000003
54 16.86066180000002
54 16.852364199999965
54 17.875574999999966
54 17.619377199999967
54 18.45271739999998
54 15.224537000000042
54 15.503361400000044
54 17.667336999999968
54 18.839504399999967
54 11.931254000000013
54 15.716379400000031
54 18.79586519999996
55 17.415724199999968
55 14.34316880000003
55 16.195531000000003
55 14.291503000000024
55 18.501060999999964
55 17.28995799999997
55 18.68073339999997
55 16.72387639999996
55 18.324419799999973
55 15.299459200000035
55 18.348811199999968
55 18.609528399999977
55 18.876167599999974
55 17.910460599999976
56 18.154373199999974
56 17.805273599999975
56 14.675895200000044
56 18.423359600000033
56 15.025379200000016
56 17.049495400000023
56 15.852078400000018
56 15.687917200000017
56 16.528675600000014
56 18.090109800000032
56 18.673722400000038
56 16.860185200000025
56 19.355774000000043
56 16.820925400000025
57 17.683136400000034
57 15.96129940000002
57 17.611398400000024
57 15.55613160000005
57 17.296668399999973
57 17.409232799999977
57 17.819828799999975
57 13.992743000000031
57 16.95751839999998
57 15.943071000000042
57 17.903469799999964
57 16.84541279999996
57 17.426007599999963
57 14.637756400000034
58 17.18524659999996
58 16.97732839999996
58 15.80916400000004
58 18.615502399999972
58 14.567184400000025
58 14.755496000000033
58 16.631020399999965
58 18.50257659999997
58 13.96204440000002
58 15.198736400000042
58 17.219286799999967
58 15.607132200000043
58 17.31434279999997
58 16.64323819999997
59 14.77327060000004
59 18.75998199999997
59 16.706035999999962
59 16.064080600000025
59 18.763295400000032
59 18.157620800000036
59 14.39491540000001
59 17.014965400000023
59 17.45337440000003
59 16.38703400000002
59 17.001353400000028
59 17.830170400000032
59 18.138771200000036
59 15.96775960000002
60 16.293512600000017
60 19.118298000000046
60 18.571876200000037
60 13.356936400000023
60 18.307421599999977
60 14.608905200000034
60 17.45458419999997
60 16.162045600000027
60 17.47806599999997
60 17.467547399999972
60 14.609240600000026
60 18.601961999999965
60 15.11533080000004
60 16.917317999999955
61 16.68396059999996
61 14.312874400000032
61 16.350216999999983
61 17.013239599999963
61 16.15757980000001
61 18.396745799999962
61 18.862025399999965
61 18.566596399999966
61 19.033711999999966
61 18.83646499999997
61 18.29524059999997
61 16.596632999999972
61 18.395256399999973
61 18.174293799999976
62 16.580484599999966
62 18.661675199999973
62 17.084100599999974
62 15.042914800000016
62 17.81947820000003
62 16.785500000000027
62 15.094647200000015
62 15.406286000000012
62 17.413090800000028
62 18.797806400000034
62 15.816191400000013
62 17.249158400000027
62 16.138943200000018
62 16.701359000000018
63 18.98532900000004
63 18.684368400000047
63 18.494084400000034
63 17.740733999999968
63 16.113014800000037
63 18.369181399999974
63 17.96139139999997
63 18.34354579999997
63 18.06073679999997
63 16.416421999999972
63 18.10778699999997
63 16.19758740000001
63 18.70026879999996
63 16.318200399999974
64 16.01911840000004
64 14.81294120000003
64 17.836668799999963
64 16.334180199999974
64 15.860406600000037
64 17.043167999999962
64 14.091658200000024
64 17.34311859999996
64 14.95243040000003
64 16.581623599999958
64 17.218582999999963
64 17.973086999999968
64 15.611996800000044
64 14.058447800000026
65 16.14990320000002
65 18.052526999999973
65 18.725045399999978
65 18.941486400000045
65 16.45571460000002
65 17.104003400000025
65 19.40295280000004
65 18.395096800000037
65 19.40288640000004
65 19.23624760000004
65 17.51301240000003
65 17.27826360000003
65 16.47559860000002
65 18.00246140000003
66 18.975642800000045
66 16.91616360000003
66 16.902645800000027
66 16.499663799999965
66 16.80901559999997
66 17.794767999999976
66 14.653196200000037
66 18.561568599999976
66 18.42985699999998
66 17.85808899999997
66 18.254399799999963
66 15.58410860000004
66 17.73143799999996
66 17.276013199999962
67 18.505162199999965
67 16.168659400000006
67 18.162563199999962
67 16.212035200000006
67 18.364739999999962
67 17.42943879999997
67 18.477320599999977
67 18.029515599999964
67 16.209854
67 17.436362399999968
67 16.13965980000002
67 15.84920200000005
67 12.898724200000023
67 17.252112599999965
68 13.782130400000032
68 18.386325399999976
68 13.064281000000031
68 12.400803799999998
68 17.37679520000003
68 18.567600000000038
68 18.51107440000003
68 18.63598000000004
68 17.462193000000024
68 14.811194200000012
68 17.235168600000023
68 18.838295000000038
68 18.06798140000004
68 16.86676200000002
69 14.52213100000001
69 17.838784600000036
69 15.00700320000001
69 18.413252399999983
69 18.165388999999966
69 18.178839399999976
69 16.020601600000038
69 12.760000600000025
69 16.241114200000005
69 14.008488000000034
69 16.170548800000013
69 14.853994600000034
69 17.452966999999965
69 18.031476399999963
70 15.924022000000042
70 18.26503419999996
70 17.62249679999997
70 15.518424000000032
70 18.885395799999962
70 18.216103399999966
70 15.629242600000039
70 15.86246600000005
70 18.753059399999962
70 19.142348799999965
70 13.790888600000033
70 18.282955399999967
70 18.49063239999998
70 16.97193339999997
71 13.76086460000004
71 18.039586599999975
71 15.497702000000055
71 14.558847600000009
71 17.973260200000034
71 14.965774200000013
71 17.127981400000028
71 18.157554400000034
71 15.594883800000016
71 17.678167400000028
71 17.754128400000027
71 15.484834400000015
71 16.957959200000023
71 15.292938400000013
72 18.83154700000004
72 16.017344200000014
72 16.90218840000002
72 17.79364939999997
72 18.333946199999975
72 17.96135139999997
72 15.625633400000053
72 16.503476999999968
72 16.366876999999977
72 18.66167519999998
72 16.82532659999995
72 17.776447199999964
72 15.944127400000045
72 17.91608979999996
73 17.42713539999996
73 18.252718599999966
73 16.44906679999996
73 14.089389200000022
73 16.087314600000024
73 18.41731019999997
73 17.352628199999963
73 13.99336240000003
73 17.810234199999964
73 18.173042799999955
73 17.90723119999997
73 14.383232200000043
73 18.83983199999998
73 13.114690800000027
74 18.28359919999998
74 16.484551999999965
74 18.42738699999997
74 18.986706400000045
74 19.20780460000004
74 18.108959400000032
74 13.514104800000009
74 17.101858600000025
74 18.185376400000038
74 18.37965440000004
74 15.266607600000013
74 18.89093260000004
74 17.488024000000028
74 18.851812800000037
75 17.872966000000034
75 19.72335900000004
75 16.197331400000017
75 17.997341799999976
75 17.54559219999997
75 17.095784999999974
75 17.780708999999973
75 18.033543599999977
75 17.865630199999973
75 18.978013799999978
75 16.219959199999998
75 15.23920360000003
75 18.16717259999997
75 17.91218039999997
76 18.75616979999996
76 15.111227200000027
76 17.274785399999963
76 18.06931919999997
76 18.28133439999996
76 18.371210199999965
76 15.978477400000045
76 18.693673799999964
76 17.319098599999965
76 17.468014799999963
76 14.245931800000037
76 13.610988000000031
76 17.025024999999964
76 17.420943599999983
77 16.137989400000027
77 16.76535019999997
77 16.043838600000036
77 18.30465480000003
77 16.583391600000024
77 17.922258400000032
77 17.003627600000023
77 16.148864800000016
77 18.842399600000043
77 18.65959100000004
77 13.1008528
77 17.043448400000024
77 12.901127799999998
77 19.293594800000044
78 17.381903000000026
78 18.186752600000037
78 15.84545460000001
78 17.13700699999996
78 18.26410579999997
78 16.639244599999966
78 18.97608919999998
78 15.849830200000053
78 18.686275199999972
78 18.609403599999983
78 16.97537179999997
78 16.056928400000032
78 16.541593799999955
78 16.947358999999963
79 19.171868999999973
79 15.283187600000037
79 16.199795199999997
79 14.294995800000029
79 18.198998799999963
79 17.229771999999958
79 15.13687360000004
79 14.691463800000033
79 18.026529999999973
79 17.929284999999968
79 13.78300600000004
79 16.98863799999997
79 14.902601400000034
79 17.822978599999967
80 16.2363348
80 16.809997799999966
80 15.095401800000042
80 18.31592620000003
80 14.242990400000009
80 15.261396800000016
80 18.97843500000004
80 18.66151560000004
80 16.606363800000018
80 18.163626800000035
80 17.31207780000003
80 18.41411800000004
80 16.118891200000018
80 15.320347000000014
81 16.276728800000015
81 14.716007400000011
81 18.61681000000004
81 15.589543000000056
81 17.753997799999965
81 17.502980199999964
81 14.285042600000041
81 16.64795519999997
81 18.244695199999967
81 12.787273600000026
81 16.743770599999962
81 17.054167999999965
81 15.981516800000044
81 15.879075800000038
82 17.270621199999965
82 16.81759599999996
82 14.846299200000042
82 17.46888479999996
82 19.010637199999966
82 18.417334999999973
82 16.05025420000003
82 17.304759199999957
82 17.860563999999965
82 18.831855599999958
82 14.860896000000034
82 16.242758400000007
82 15.233662200000033
82 18.89482299999997
83 16.430589999999974
83 18.869697399999975
83 15.893705400000046
83 18.053229000000034
83 15.145312800000012
83 15.599208600000017
83 15.987537200000022
83 15.416932000000013
83 19.17886180000004
83 15.110227000000014
83 18.169761200000032
83 18.58328040000004
83 13.945509600000008
83 16.21177720000002
84 15.329881200000013
84 17.638465200000027
84 18.407303600000038
84 17.967166399999975
84 17.981271999999983
84 14.491420600000033
84 17.77400499999998
84 18.54164799999997
84 17.156417599999962
84 16.849601399999973
84 14.228844000000034
84 17.680046399999966
84 18.196067999999975
84 15.86862100000004
85 16.61247979999996
85 17.946555199999967
85 18.489636199999968
85 15.550982000000051
85 17.164616599999963
85 15.219793000000031
85 17.777883199999977
85 16.16363340000001
85 17.90959479999997
85 17.671147999999956
85 17.723381799999963
85 16.46973459999997
85 17.003680599999964
85 17.95177459999998
86 18.984483999999973
86 13.856485800000032
86 16.37189239999999
86 17.72990380000003
86 18.178708200000038
86 17.685577600000034
86 13.232314400000007
86 17.090760000000028
86 18.60485720000004
86 18.028451400000034
86 18.794966800000044
86 14.930357600000015
86 17.94679740000004
86 18.699255000000043
87 18.69678180000004
87 18.41864140000003
87 15.195903400000011
87 16.773880399999975
87 17.978276399999967
87 16.550456999999977
87 18.291140399999982
87 17.46861839999998
87 16.50354839999996
87 16.067122400000034
87 18.28195919999996
87 16.80099139999996
87 17.95824599999996
87 16.68739139999996
88 18.519781199999986
88 17.19570959999996
88 16.88299799999996
88 18.776734199999982
88 18.011786199999964
88 17.906234999999967
88 14.458680200000027
88 17.635716799999965
88 18.292438799999957
88 13.263031800000023
88 18.50111199999997
88 16.598979999999962
88 18.157813999999977
88 18.11891759999998
89 17.057734599999968
89 18.358920799999975
89 18.612744399999976
89 14.400372600000013
89 16.284018000000025
89 14.61526580000001
89 17.03213840000003
89 15.015941000000018
89 18.79441820000004
89 18.499039200000034
89 17.533958200000033
89 19.443422400000046
89 18.90895200000004
89 18.11911600000004
90 17.368457600000024
90 18.190773400000033
90 18.19474960000003
90 16.166872600000016
90 18.021492199999972
90 17.763783999999973
90 18.682800599999982
90 14.765933400000035
90 18.100067999999975
90 17.93127019999997
90 11.978361000000008
90 13.398673200000026
90 18.61151779999997
90 17.830198599999964
91 14.702696800000039
91 18.513056199999966
91 17.255719999999968
91 16.75598219999996
91 18.384430199999972
91 16.011727400000048
91 17.09201099999996
91 17.788691399999966
91 17.880074599999965
91 14.734036800000027
91 17.410383999999965
91 16.514248399999968
91 17.11646539999997
91 15.363119600000042
92 14.194475400000032
92 15.521110600000043
92 17.63747159999997
92 16.677205000000026
92 18.087444600000037
92 18.664242800000036
92 18.91893700000004
92 13.097442800000007
92 18.661515600000037
92 18.574669800000038
92 17.61174760000003
92 17.71187580000003
92 18.905064000000035
92 17.733563400000033
93 19.330030400000044
93 18.495632000000032
93 16.950693600000026
93 18.837686999999985
93 17.97793119999998
93 18.63635539999997
93 16.36842459999998
93 18.310550999999975
93 17.15201639999998
93 16.010991000000047
93 17.179509399999972
93 15.92287240000004
93 18.113732399999968
93 13.996074000000023
94 12.799555600000016
94 15.325157800000031
94 17.80190319999997
94 15.34814480000003
94 14.086040200000035
94 17.775775799999963
94 17.034649199999965
94 18.914415999999964
94 17.07631359999996
94 19.171868999999965
94 17.037085399999967
94 18.27001499999997
94 18.33597079999998
94 15.57839340000005
95 18.517368399999974
95 14.922653800000043
95 18.13250179999997
95 17.56601120000003
95 19.004245000000047
95 19.371830000000042
95 18.70390980000004
95 18.774875400000045
95 18.35324980000004
95 17.343200600000028
95 16.338751800000022
95 17.59113260000003
95 16.487290400000024
95 18.880142000000035
96 14.131322600000008
96 17.58993660000003
96 18.957132600000044
96 17.55640559999998
96 15.526277600000038
96 18.01079219999998
96 17.97827639999997
96 15.649971000000047
96 16.111754400000024
96 16.503258799999962
96 18.407200599999967
96 18.27548899999996
96 16.770734199999964
96 17.176948599999964
97 17.491234399999954
97 16.57294999999996
97 18.304729599999963
97 18.54936699999996
97 17.359418799999965
97 16.062583400000026
97 15.747264200000037
97 17.632631199999963
97 17.885145799999957
97 17.17080719999996
97 18.44097119999997
97 17.523803599999972
97 16.656661399999972
97 17.752768199999974
98 17.926875599999967
98 18.381672199999972
98 16.114084200000036
98 17.922805600000036
98 18.454482400000035
98 13.668031400000007
98 14.311715200000009
98 18.24861000000004
98 16.989043000000024
98 16.404265800000026
98 18.008595800000037
98 16.424630400000023
98 14.39557140000001
98 18.362115800000037
99 16.20680660000002
99 16.336272600000026
99 12.704568200000002
99 18.850847799999976
99 17.649432199999975
99 17.753329199999968
99 18.251165399999973
99 17.94196559999997
99 15.44124500000005
99 17.070614999999968
99 16.773011199999956
99 17.489277799999964
99 15.850150400000047
99 18.647228599999966
