0 30.373588199999997
1 15.737545999999945
2 11.574995599999998
3 10.999079799999986
4 10.323950400000042
5 11.867875600000001
6 18.780078000000053
7 18.476271199999935
8 18.237967599999973
9 16.830197800000036
10 13.98686640000009
11 16.82654579999993
12 17.357129000000064
13 13.937358400000042
14 18.31894579999997
15 18.556488199999976
16 16.941709399999965
17 16.30136399999999
18 14.368781400000039
19 13.239515000000036
20 18.477716799999975
21 18.21148459999998
22 17.124420799999974
23 17.907331199999984
24 17.58897559999997
25 14.668273600000033
26 14.611905000000037
27 16.00056280000005
28 18.05252699999997
29 18.698010799999977
30 15.986357200000056
31 15.84113520000005
32 18.48103279999998
33 17.85830039999997
34 18.725045399999978
35 18.47769199999998
36 15.549900400000041
37 18.02998699999998
38 16.866202599999966
39 18.46758239999997
40 15.970871200000056
41 16.831722599999967
42 16.24028080000001
43 15.995956800000057
44 17.30107859999997
45 18.180763999999975
46 14.911098600000038
47 15.829925200000051
48 14.379441000000034
49 17.288271999999964
50 17.69795099999998
51 18.655204999999977
52 18.25318999999998
53 15.950233000000052
54 16.704768999999978
55 17.808514399999968
56 15.228192000000043
57 18.689054999999982
58 17.934610999999975
59 19.037399399999977
60 17.164124399999974
61 17.756108999999977
62 16.16758340000002
63 16.615771199999966
64 17.423734399999965
65 16.54325859999996
66 15.413139400000047
67 15.62912840000005
68 18.45391159999997
69 17.03017139999997
70 18.326059799999978
71 18.411192399999983
72 15.390241400000047
73 18.193704399999973
74 18.86571279999997
75 16.704439399999963
76 18.40819679999997
77 17.72046379999997
78 18.487502999999982
79 18.168492199999974
80 15.198248400000049
81 15.971857800000052
82 15.478351400000049
83 18.90269219999997
84 18.351940599999967
85 17.390973399999968
86 14.530423200000037
87 16.635825599999965
88 17.578595999999983
89 16.084631200000036
90 13.486006600000032
91 16.85773059999997
92 18.045412999999964
93 18.17776839999997
94 15.897774800000056
95 18.016191399999983
96 18.15771399999997
97 16.83954279999996
98 13.808853600000027
99 18.53040879999998
100 16.20895640000001
101 15.00241860000004
102 15.222042200000043
103 16.92175499999997
104 17.95453159999998
105 17.828568799999967
106 13.625525000000033
107 15.437554600000047
108 18.038187599999965
109 18.701995399999976
110 17.410893999999985
111 14.244685200000042
112 18.082047199999977
113 18.244158999999975
114 16.794086599999957
115 17.179100399999967
116 15.994821600000048
117 15.114407200000047
118 18.17463899999997
119 18.503697599999967
120 18.582468999999975
121 16.23684000000001
122 15.303622600000041
123 17.660732999999972
124 16.20476040000001
125 15.31084800000004
126 17.68426199999997
127 15.387158600000042
128 13.777179600000034
129 18.59335859999998
130 18.595819399999975
131 14.91467320000004
132 18.658679599999974
133 13.010550400000024
134 17.499289799999975
135 14.76396860000004
136 17.46687879999997
137 17.68725759999997
138 17.44712959999997
139 17.085352999999973
140 18.455176799999975
141 14.418273200000042
142 16.63497039999996
143 15.315416400000045
144 17.963275999999972
145 17.191528999999974
146 15.092584800000049
147 16.827865199999973
148 18.444532399999964
149 17.092009799999982
150 15.577155400000041
151 17.201386599999974
152 16.93125459999996
153 15.23068140000004
154 18.481032799999983
155 17.734286599999972
156 16.265445
157 14.154526600000038
158 15.61819700000005
159 16.752481199999966
160 18.24413419999998
161 17.844849999999965
162 12.79088820000002
163 18.441826399999982
164 13.263758800000032
165 17.050025799999965
166 17.973730799999974
167 18.586353599999967
168 18.00260719999997
169 17.289365799999974
170 14.049438600000036
171 16.650563599999973
172 17.273983999999963
173 17.677657999999976
174 18.088517399999972
175 17.472765199999976
176 18.66177519999999
177 17.47981919999997
178 13.355925400000032
179 14.661691000000035
180 16.016222600000056
181 13.743556800000027
182 19.070928999999975
183 18.754055599999973
184 17.811609999999977
185 14.412520000000042
186 17.657392199999972
187 17.630867599999977
188 16.58136699999997
189 17.445964399999966
190 16.41148699999997
191 12.560658400000028
192 18.704580999999973
193 17.901429599999968
194 12.954174200000034
195 14.17360440000004
196 17.934610999999972
197 18.522328199999972
198 16.37502659999997
199 18.299535199999973
200 18.533438199999974
201 13.50330160000003
202 17.723916599999974
203 17.70420739999997
204 17.99052199999998
205 14.340134600000034
206 17.729718199999976
207 16.874593199999968
208 17.637682999999967
209 15.39897860000005
210 17.572470999999975
211 18.39825199999998
212 17.894959399999973
213 18.839831999999976
214 16.77123659999997
215 16.270854799999995
216 12.35466320000002
217 17.84205919999998
218 14.062875200000034
219 13.373387600000031
220 18.141432799999972
221 14.372259800000045
222 16.052376400000036
223 15.14788580000004
224 17.56514559999997
225 18.240149599999977
226 17.75677759999997
227 18.418651599999972
228 18.612744399999976
229 15.696483200000046
230 16.605960199999966
231 14.895697400000037
232 12.681890400000029
233 16.292590999999987
234 17.826517999999975
235 17.541340399999967
236 15.282354400000054
237 17.828434999999978
238 14.012214000000029
239 18.31646019999998
240 17.587106599999963
241 14.504132400000035
242 17.815628399999973
243 17.937419999999975
244 18.355925199999973
245 17.225756999999966
246 14.853543400000035
247 15.928582000000057
248 11.391223800000013
249 15.23789200000004
250 18.474562599999977
251 15.62977220000005
252 17.352263599999976
253 18.05252699999997
254 18.42436659999997
255 16.610349999999965
256 18.31648499999997
257 14.487036000000039
258 18.468437599999977
259 16.71251999999997
260 18.31001479999997
261 16.858265399999976
262 18.69154059999998
263 17.796429199999977
264 13.451836600000032
265 16.18758880000002
266 18.391781799999983
267 17.491744399999966
268 14.368647600000035
269 16.976129399999973
270 17.939980799999972
271 14.453591200000035
272 16.172002800000016
273 14.425447600000036
274 13.115871200000031
275 18.04530159999997
276 13.06444100000003
277 18.071937599999966
278 13.292383800000028
279 18.741115199999975
280 17.69672339999998
281 13.860590400000035
282 13.063465800000026
283 14.059992000000035
284 16.183924600000022
285 18.57589879999997
286 17.879209999999976
287 15.712657800000045
288 17.561027199999973
289 16.046088000000054
290 14.470939000000035
291 18.52349339999998
292 18.270014999999972
293 16.260770000000008
294 18.207288599999973
295 13.151276000000031
296 16.986822799999977
297 15.988671400000051
298 12.595546400000023
299 18.318945799999973
300 16.30910599999999
301 18.02913179999997
302 12.703056200000026
303 11.795832400000013
304 18.438572199999978
305 14.397021200000033
306 17.61806099999998
307 16.75172599999997
308 18.681085799999973
309 15.989665200000047
310 17.878134399999972
311 13.188600600000022
312 18.225093599999973
313 16.76021179999996
314 14.805481200000036
315 15.434579000000044
316 14.983744600000042
317 16.534773199999968
318 13.046826000000028
319 17.25391019999998
320 18.52696799999997
321 14.990970000000042
322 18.925198399999978
323 18.810311799999976
324 17.95381019999997
325 14.83513320000004
326 17.904745599999973
327 18.23715399999997
328 17.02928339999998
329 16.000152800000055
330 17.46942439999997
331 17.09002559999996
332 14.992135200000037
333 18.38565679999998
334 18.394612599999967
335 16.310594599999988
336 17.02894479999997
337 17.94796139999998
338 18.306005399999975
339 16.64791079999996
340 15.831669400000054
341 18.51004299999997
342 18.723646399999975
343 14.497568400000034
344 17.00289259999997
345 16.074037800000035
346 14.715734000000039
347 18.42477659999998
348 16.369332999999983
349 18.03560199999997
350 17.259845599999974
351 16.629355399999966
352 14.852913400000041
353 18.16816879999998
354 18.862471999999975
355 17.739529199999968
356 17.694262599999973
357 17.367578199999972
358 18.41466699999997
359 18.418306399999985
360 18.404855999999967
361 16.85843679999997
362 16.51152659999997
363 17.26631579999997
364 16.101143800000038
365 17.538620999999974
366 15.404221200000046
367 17.128840199999978
368 16.730854999999963
369 17.099811799999966
370 18.052526999999973
371 16.73278539999997
372 14.342360200000032
373 18.111912599999975
374 18.141432799999976
375 17.468914399999964
376 13.843173000000036
377 16.779317199999976
378 14.679431200000046
379 18.382315999999978
380 18.658679599999967
381 17.31864739999998
382 14.682375400000033
383 14.173951000000038
384 17.32042919999997
385 15.346441200000049
386 16.84669199999997
387 18.606274199999977
388 14.412912400000044
389 18.477148199999977
390 17.765298599999966
391 15.096591800000045
392 18.292111199999972
393 16.04566900000004
394 17.433545399999968
395 15.983577800000047
396 17.252147799999975
397 17.58582139999998
398 19.303408199999968
399 18.331986199999974
400 17.053433799999976
401 18.066561199999974
402 14.742516200000034
403 18.41142619999998
404 18.71083979999997
405 15.495846400000051
406 14.056256000000035
407 18.450757399999972
408 16.365076999999985
409 16.46413899999997
410 17.49701559999998
411 17.68650239999997
412 17.96728539999997
413 18.362930199999976
414 15.751672800000046
415 16.263576000000008
416 15.130889400000042
417 18.411836199999982
418 17.952921199999977
419 18.553358799999977
420 18.432101999999983
421 16.94817959999996
422 17.598761799999977
423 18.71029599999997
424 17.034448399999967
425 18.37833139999997
426 16.015817400000042
427 14.890422800000042
428 18.013061999999977
429 15.994649800000051
430 12.183486200000013
431 18.160943399999972
432 18.177768399999966
433 17.421114999999986
434 17.126336399999964
435 18.15771399999997
436 17.91768599999998
437 18.685070399999976
438 18.323275599999974
439 16.914158199999974
440 18.503597599999964
441 18.410782399999967
442 16.99900799999997
443 15.665150800000042
444 16.61140379999997
445 18.62319919999998
446 15.671689000000045
447 14.212935600000039
448 17.71613399999997
449 18.142287999999986
450 16.443873199999974
451 16.60911439999996
452 16.565229999999964
453 18.67860019999998
454 17.30391659999998
455 14.521975000000046
456 17.646937399999974
457 17.028773399999967
458 16.59764819999997
459 12.741546000000024
460 17.723247999999977
461 18.177013199999973
462 13.618633400000032
463 17.373914599999978
464 17.413513399999964
465 18.28942559999997
466 17.81217859999997
467 18.596164599999966
468 13.266748200000029
469 15.766223600000046
470 18.003596199999976
471 17.457584399999973
472 18.139727199999975
473 16.984873799999963
474 14.770775400000042
475 18.208168599999972
476 16.196388400000014
477 13.691953200000032
478 14.05025480000003
479 18.193704399999973
480 18.44418719999997
481 16.30068019999999
482 14.135323600000035
483 16.2512056
484 18.085897999999986
485 15.613702400000044
486 11.853917600000013
487 16.48462959999997
488 15.707448000000053
489 17.07187779999997
490 15.07718120000004
491 17.519210399999977
492 18.642609799999974
493 17.722737999999964
494 18.526967999999968
495 17.001094999999964
496 17.88094039999997
497 16.887533599999966
498 18.148348199999973
499 16.07271740000004
500 15.886591400000047
501 17.502443999999965
502 16.69122659999996
503 14.988524400000044
504 18.34234099999997
505 17.35209219999998
506 15.899371800000054
507 18.81678199999997
508 17.627526799999973
509 18.441726399999972
510 18.45110259999997
511 17.683916799999974
512 17.776321999999965
513 15.42495940000005
514 18.51661319999998
515 16.977129799999965
516 16.529649599999964
517 15.805409600000054
518 18.315506399999975
519 18.29060419999998
520 17.917340799999973
521 17.76799559999997
522 17.80915819999997
523 15.330287200000045
524 15.364890000000047
525 12.531859600000022
526 16.95076519999996
527 15.678569200000041
528 16.39903839999998
529 16.91916939999997
530 13.582026400000032
531 18.200274599999975
532 17.08744139999997
533 17.370163799999972
534 17.50263059999997
535 17.322656799999972
536 16.604762199999975
537 16.932109799999964
538 13.562667200000035
539 18.975018199999965
540 18.091858199999972
541 17.752469599999966
542 17.061734399999978
543 17.440572799999973
544 18.454641999999975
545 16.446087399999964
546 17.245033799999973
547 14.987647400000036
548 16.919553199999967
549 16.857730599999968
550 16.286626000000002
551 17.34819239999997
552 18.167823599999977
553 18.049052399999972
554 17.49928979999997
555 17.85495959999997
556 16.266734999999997
557 17.82929019999998
558 16.335695399999977
559 18.619214599999975
560 16.94585739999997
561 17.95680579999998
562 13.553432800000033
563 18.266674199999972
564 17.12359039999997
565 17.301958599999974
566 16.510584199999965
567 17.857545199999976
568 15.917372000000055
569 18.01306199999997
570 11.680122600000015
571 15.779945400000052
572 14.651150000000039
573 17.289231999999984
574 18.28295539999997
575 16.126853200000028
576 18.454641999999975
577 14.68185680000004
578 18.022661599999974
579 17.298717799999974
580 17.947206199999975
581 14.840059200000036
582 17.34238779999997
583 17.825094199999974
584 18.470577999999975
585 15.472636400000043
586 15.90004180000004
587 13.96779780000003
588 17.980735799999977
589 17.98755119999997
590 18.02333019999997
591 17.924824799999968
592 15.339314400000049
593 16.42755679999997
594 18.602958199999975
595 16.849687599999967
596 17.249900799999978
597 14.099224600000037
598 17.976661599999968
599 18.579339599999972
600 16.292909600000005
601 18.47071179999997
602 17.519455599999965
603 18.457771399999974
604 19.188621599999973
605 16.836685799999966
606 14.391287600000036
607 18.34417139999997
608 18.46111219999997
609 14.956278600000044
610 16.422792199999968
611 15.696793200000043
612 16.949977199999974
613 18.08861739999998
614 18.071937599999966
615 18.57640879999998
616 18.62234399999997
617 18.570283799999974
618 18.35279579999997
619 18.447282799999996
620 17.914345199999975
621 13.275804000000033
622 18.32293039999998
623 18.424776599999976
624 17.49098919999997
625 12.336956800000024
626 13.730190600000038
627 12.44483140000002
628 17.122269999999972
629 17.212172799999966
630 12.966259400000029
631 15.624812400000048
632 14.521380200000038
633 17.33805799999997
634 14.114122600000037
635 17.671087799999974
636 13.937264800000033
637 16.230369800000013
638 14.201589400000032
639 16.2562802
640 17.750222599999976
641 16.616439799999963
642 15.935860800000043
643 16.267326800000006
644 18.899562799999973
645 15.137631000000049
646 13.153982000000036
647 16.98208299999997
648 16.91970179999997
649 18.609403599999975
650 13.119336800000035
651 16.771820399999967
652 17.779504199999984
653 16.515856399999972
654 18.701995399999973
655 14.441828800000033
656 15.64149220000004
657 16.87544359999996
658 17.452944599999974
659 16.19986060000002
660 13.11164480000002
661 17.825949399999978
662 16.913641599999977
663 18.260415399999975
664 17.501875399999978
665 15.017804600000039
666 17.122543799999974
667 17.136470799999966
668 16.932109799999967
669 17.861429799999968
670 14.355077200000032
671 18.263544799999977
672 14.298721000000038
673 14.034862600000034
674 18.157713999999974
675 18.023516799999975
676 15.267843600000042
677 17.266315799999973
678 13.535632600000024
679 18.10479859999997
680 15.232297000000045
681 18.50057719999997
682 17.37814439999997
683 15.12431920000004
684 15.84889540000005
685 18.07816259999997
686 14.533964000000031
687 16.084568800000028
688 17.693727799999973
689 14.059423000000027
690 14.839117400000044
691 18.701995399999973
692 18.056511599999972
693 15.683781400000044
694 18.41833119999997
695 18.136472999999977
696 15.721947400000047
697 18.59980399999998
698 16.768564399999967
699 14.154500400000035
700 18.158357799999973
701 17.517504799999973
702 13.952962200000036
703 14.34573140000004
704 14.106797200000036
705 17.831909599999967
706 18.388786199999974
707 18.128703799999975
708 13.832296800000035
709 17.319765999999973
710 15.185865200000046
711 18.473297399999968
712 17.73728219999998
713 17.690836999999974
714 16.967948799999963
715 16.2346044
716 18.32605979999997
717 17.78008799999997
718 16.351971799999998
719 18.497102599999977
720 17.822633399999976
721 14.755581800000037
722 16.53147199999997
723 17.78511919999997
724 13.919237000000033
725 18.099506999999985
726 16.285166999999994
727 17.782633599999972
728 18.540418399999982
729 13.991598200000041
730 17.607062399999972
731 18.378331399999976
732 15.013800000000035
733 15.401929400000046
734 17.562684799999968
735 16.610004799999967
736 13.056641800000019
737 18.062661399999975
738 15.74343840000005
739 18.481057599999975
740 17.779504199999977
741 16.975784199999975
742 18.30686059999998
743 12.938013000000023
744 15.32936960000004
745 18.144773599999972
746 17.806028799999975
747 15.905186800000052
748 16.715648999999964
749 14.46961860000003
750 18.65520499999998
751 18.40744159999997
752 15.643122600000043
753 16.621028199999962
754 14.746612200000035
755 14.093310600000038
756 17.934610999999975
757 15.81803860000004
758 18.378331399999972
759 15.983227800000058
760 14.490315800000037
761 16.263230800000002
762 17.803434199999987
763 17.512985399999973
764 18.712129799999982
765 18.174638999999974
766 14.438626600000037
767 14.911557200000042
768 17.92116059999997
769 16.482106399999974
770 16.711639599999966
771 16.240180800000015
772 18.53063219999997
773 17.964131199999976
774 15.474366800000052
775 18.632154999999972
776 14.860993600000038
777 18.59616459999997
778 15.152957000000042
779 15.660147600000046
780 17.27203079999997
781 14.34988080000003
782 18.226699199999967
783 18.36260679999997
784 14.415575600000041
785 15.106645600000048
786 16.89892839999996
787 13.274409800000027
788 14.805487800000046
789 16.901046399999974
790 17.09182319999997
791 15.55397160000004
792 17.849244599999977
793 17.01252979999998
794 18.68819979999997
795 15.602867200000047
796 15.049811800000043
797 17.944745399999974
798 17.620991799999967
799 16.178348200000013
800 13.58295300000003
801 17.338641799999966
802 17.25691239999997
803 15.582351800000048
804 16.230819800000013
805 18.207633799999968
806 17.39185339999997
807 18.231218599999973
808 16.96291759999997
809 14.971770800000035
810 17.332342999999977
811 16.86539879999996
812 16.772330399999976
813 17.729718199999972
814 18.335870799999974
815 17.540144799999972
816 18.428375999999965
817 14.03785820000003
818 18.069986799999974
819 16.610439599999967
820 16.823641999999964
821 14.032288400000036
822 18.529963599999977
823 17.645035599999975
824 15.675573600000048
825 18.286939999999976
826 17.23332099999997
827 13.980043000000038
828 16.16014900000002
829 16.19356420000001
830 17.27796859999997
831 17.89442459999997
832 16.259914800000008
833 14.744260400000035
834 14.514698600000038
835 18.493973199999974
836 16.747271399999963
837 16.34467979999998
838 13.756913800000033
839 13.348985200000033
840 16.869383399999965
841 17.010117999999974
842 17.858300399999976
843 17.584556199999966
844 16.959104399999966
845 16.13857320000003
846 18.309479999999972
847 17.499634999999966
848 18.31247559999997
849 16.30617519999999
850 14.197533400000033
851 13.186359200000025
852 17.567622199999974
853 16.828720399999973
854 17.799458599999973
855 18.411836199999982
856 14.743396600000036
857 18.655304999999984
858 15.961701600000042
859 18.929207799999975
860 16.636767999999968
861 18.07279279999997
862 17.77864899999997
863 14.344377200000029
864 19.07944999999997
865 16.816467999999965
866 16.97024299999997
867 15.888965600000043
868 18.256430799999976
869 18.655204999999974
870 16.863607999999974
871 16.252504599999998
872 18.56295839999997
873 16.984169999999963
874 18.56942859999997
875 18.12182359999997
876 18.52349339999998
877 16.716198999999975
878 14.192698400000035
879 18.094987599999968
880 17.631001399999974
881 17.789787599999975
882 17.487229399999975
883 16.907587999999965
884 12.107461800000024
885 18.400837599999978
886 12.520284800000027
887 18.24201859999998
888 18.263544799999973
889 15.54988040000005
890 15.149224400000042
891 17.040698599999967
892 18.737985799999976
893 16.852458399999964
894 15.090096800000037
895 17.78910379999997
896 18.08204719999997
897 15.575756400000042
898 15.977512800000058
899 15.869900200000048
900 17.156560399999968
901 17.55166139999998
902 16.84598819999996
903 16.46906599999997
904 18.141432799999976
905 17.746643199999973
906 17.654262799999973
907 18.114908199999977
908 18.35247539999997
909 14.04422220000004
910 18.32293039999998
911 12.990409800000027
912 14.877177200000038
913 16.000926200000052
914 17.41351339999997
915 17.563109999999988
916 17.108079599999975
917 18.929082999999974
918 13.122107600000032
919 15.750577200000055
920 18.194348199999975
921 16.874335199999965
922 18.441726399999972
923 13.34632580000003
924 17.904745599999977
925 16.878185999999978
926 15.929695800000045
927 17.80204419999997
928 13.40711040000003
929 17.179821799999978
930 18.052526999999973
931 17.92006019999997
932 17.92415619999997
933 17.298726799999972
934 15.516350800000051
935 17.260016999999973
936 17.16075639999998
937 16.828176599999978
938 17.52323499999998
939 17.72971819999997
940 16.721626799999964
941 18.09498759999997
942 18.174738999999974
943 18.550042799999968
944 17.920815399999974
945 16.394942399999984
946 18.250094399999966
947 16.72306099999997
948 18.53343819999997
949 16.89960739999997
950 16.212629600000007
951 16.01921820000005
952 15.979887000000057
953 18.53990839999997
954 14.144145600000035
955 15.97590240000006
956 18.066645999999977
957 14.096193400000033
958 17.484716599999963
959 16.958992999999968
960 15.20253160000004
961 17.729718199999972
962 18.48750299999998
963 13.20423320000003
964 18.589349199999976
965 18.59581939999998
966 17.400463999999968
967 17.157999399999973
968 18.23402459999997
969 18.619214599999975
970 17.061805799999977
971 18.701995399999976
972 17.03243759999997
973 16.233094
974 15.491490400000046
975 18.41584559999998
976 18.243724199999974
977 16.634970399999958
978 18.016191399999975
979 18.14143279999997
980 17.177236199999975
981 18.661675199999976
982 16.847413399999976
983 18.075576999999974
984 19.59389079999997
985 17.483803799999976
986 16.800436799999975
987 17.19093179999997
988 17.144375199999967
989 17.47155139999996
990 13.875134600000026
991 18.461112199999977
992 14.329316400000035
993 17.803222799999986
994 14.678135600000044
995 17.318137399999966
996 15.467990000000038
997 17.858088999999968
998 14.239242200000028
999 18.03365119999998
