0 0.5
0 0.691347203669387
0 0.6034404093251755
0 0.48377361825086995
0 0.5095820300484554
0 0.37940711194913956
0 0.3253489091156932
0 0.2718216555481765
0 0.23031796091599296
0 0.19791985111562452
0 0.17239413837635467
0 0.3425107583568176
0 0.16280937628744213
0 0.13872463409353789
1 0.12335884944588786
1 0.1115512615636014
1 0.1017866959324337
1 0.09350834386959549
1 0.08639851067780417
1 0.08023329031993902
1 0.07484296029496192
1 0.07009529487407844
1 0.06588571816312293
1 0.11060820576899552
1 0.10932851474442273
1 0.13843190571767527
1 0.13437800717688722
1 0.1289195470196918
2 0.12355483382215816
2 0.11854082398417709
2 0.11388452861864203
2 0.10955674732971435
2 0.10552617910013454
2 0.12526287169661135
2 0.12193356657299538
2 0.11815533955980358
2 0.11443828088665686
2 0.11091117563120513
2 0.12922704616327335
2 0.14846263817517358
2 0.16742718473381246
2 0.18569150676709997
3 0.2031326304480111
3 0.21977406091081994
3 0.23570839089182938
3 0.2510536578774901
3 0.2698800292541275
3 0.29613734588699114
3 0.31260174833125554
3 0.32719728181771135
3 0.3445697445377445
3 0.37268291655532176
3 0.40100614163811743
3 0.420002142734031
3 0.4478679327271125
3 0.5213619037192931
4 0.40608078522160806
4 0.5450545000140238
4 0.422187202538473
4 0.5878206726916954
4 0.6331540774461012
4 0.6669513788724977
4 0.6989938374168616
4 0.7300379038323259
4 0.7589692681368717
4 0.7849240860943162
4 0.8091579359386679
4 0.8292956065984337
4 0.8445140335904928
4 0.8573123596801155
5 0.8684627683395664
5 0.8782802505413617
5 0.8869615966585207
5 0.8946632423581355
5 0.9018949633351023
5 0.9072870529529113
5 0.9123981179459615
5 0.9171354837763237
5 0.9214675458622666
5 0.9254221494141402
5 0.9290385756272829
5 0.9323544119734807
5 0.9354029668593622
5 0.938213243460247
6 0.9408104424164865
6 0.9433768230315789
6 0.9449118477509524
6 0.9467938215995992
6 0.948688081824954
6 0.9504937887435109
6 0.9521937880915985
6 0.9537912201434323
6 0.9552934050425961
6 0.9567079762797702
6 0.9580420236856961
6 0.9593019629987287
6 0.9604935720251017
6 0.9616220575970813
7 0.9626921216506495
7 0.9637080200542926
7 0.9646736137798797
7 0.9655924132561248
7 0.9665376947096164
7 0.9669417954596821
7 0.967159636595111
7 0.967802659555183
7 0.9685274045217493
7 0.969246408442525
7 0.9699405326645292
7 0.9706339030095581
7 0.970883489617063
7 0.9714170870672483
8 0.9720011649402103
8 0.9725785458902454
8 0.9731370095502077
8 0.9736747447993304
8 0.9741922737248372
8 0.9746905850746597
8 0.9751707090140885
8 0.9756336252373121
8 0.9760802475099133
8 0.9765114252086895
8 0.976927948195637
8 0.9773305519487183
8 0.9777369534865326
8 0.9778454522225248
9 0.9781546815026081
9 0.9785028005043022
9 0.9788510189578628
9 0.9791909039284765
9 0.9795209301415768
9 0.9798411155963129
9 0.9801518055555573
9 0.9804650174254428
9 0.9805362805637019
9 0.9807758429453103
9 0.9810481852855488
9 0.9813300227298624
9 0.9813941587353806
9 0.9816150237500071
10 0.9818657611044975
10 0.9821175734482147
10 0.9823642859681952
10 0.9826047554734176
10 0.9828389391772675
10 0.9830670254996478
10 0.9832892428271309
10 0.9835058180922092
10 0.9837169683728872
10 0.9839228997131166
10 0.9841238074759329
10 0.9843198769811817
10 0.984511284158457
10 0.9846981961608338
11 0.9848807719317203
11 0.9850591627268894
11 0.9852335125954662
11 0.9854039588236365
11 0.9855706323445095
11 0.9857397372869611
11 0.9857616814035994
11 0.9858899162789632
11 0.9860441914993079
11 0.9860683840955693
11 0.9860633827093392
11 0.9861853266824093
11 0.9862047354544453
11 0.9863274578955898
12 0.9864698868758137
12 0.9866139969784704
12 0.986756012971851
12 0.9868952157097406
12 0.9870315320502447
12 0.9871650222985913
12 0.9872957715202298
12 0.9874262696233194
12 0.9874470903694108
12 0.9875502942447165
12 0.9876691458255632
12 0.987789379160567
12 0.9879080279285168
12 0.9880264873240732
13 0.9880456440355667
13 0.9881398543284338
13 0.9882482529605029
13 0.988359516788145
13 0.9883784923752762
13 0.9884682423359017
13 0.9885712827061514
13 0.9886755109491575
13 0.9887797313341973
13 0.9887991892469407
13 0.9888017603416662
13 0.9888830537303599
13 0.9889800454485136
13 0.9890007511444368
14 0.9890066965375465
14 0.9890872923212872
14 0.989107219391405
14 0.9891892430121604
14 0.9892827589894093
14 0.9893771489042479
14 0.9894702793492433
14 0.989561761879192
14 0.9896515613903223
14 0.9897401527612217
14 0.9897616997857173
14 0.9898348837445397
14 0.9899175680986898
14 0.990000966451398
15 0.9900837029623207
15 0.9901048220978906
15 0.990114094693308
15 0.9901807804107258
15 0.9902582202756439
15 0.9903366908579122
15 0.9904142586204316
15 0.9904905684432648
15 0.9905658712923858
15 0.9905863088265437
15 0.9906491150358226
15 0.9907197150939002
15 0.9907909033613733
15 0.9908612550872135
16 0.9909305127172559
16 0.990998650727154
16 0.9910659637779584
16 0.9910847188451618
16 0.9910941318265647
16 0.9911488331991966
16 0.9912119951441747
16 0.9912762123569366
16 0.9912952448688735
16 0.9913495924479108
16 0.9914104456089906
16 0.991471798378309
16 0.9915324749109538
16 0.9915922637926395
17 0.9916511432548093
17 0.9917093301689639
17 0.9917267777188895
17 0.9917758082870533
17 0.991830649338322
17 0.9918859658747101
17 0.99194071687178
17 0.9919947144673895
17 0.9920479377630063
17 0.992100398029492
17 0.9921521122931758
17 0.9922030981834726
17 0.9922533729475896
17 0.9923029532804617
18 0.9923518553130948
18 0.992400094630735
18 0.9924476862957494
18 0.9924946448703953
18 0.9925412180355112
18 0.9925548935923207
18 0.992594178327256
18 0.9926381636932691
18 0.9926828038048947
18 0.9926962071123806
18 0.9927341497938239
18 0.9927765934728373
18 0.9928196470923544
18 0.9928328320674391
19 0.9928695021236422
19 0.9929104772396009
19 0.9929518643279835
19 0.9929929113809498
19 0.9930334818170805
19 0.9930735578397362
19 0.9931133165859612
19 0.993125549128277
19 0.9931592841978549
19 0.9931969568329958
19 0.9932350186717056
19 0.993272786569225
19 0.9933101364110014
19 0.9933470515272129
20 0.9933835357028998
20 0.9934195964532567
20 0.9934554158210238
20 0.993466426252248
20 0.9934968461200819
20 0.9935308168546859
20 0.9935651546422526
20 0.9935992487744969
20 0.9936329881878002
20 0.9936663573889222
20 0.9936995262668991
20 0.9937097595110892
20 0.9937379597091551
20 0.9937694438625493
21 0.9938012761256078
21 0.9938328951748975
21 0.9938641989783235
21 0.99389517301078
21 0.9939259799575713
21 0.9939355115242094
21 0.9939617296558455
21 0.9939909948867715
21 0.9940205904693238
21 0.9940499986192708
21 0.9940791252878145
21 0.9941079568519924
21 0.9941364948480946
21 0.9907372936880391
22 0.9900997660875155
22 0.99000993009407
22 0.99003032779816
22 0.990072602536855
22 0.9901189149692442
22 0.9901656697788427
22 0.990212147564695
22 0.9902582091166272
22 0.9903038320951519
22 0.9903490175857506
22 0.9903937712662423
22 0.990438099616216
22 0.9904820091571493
22 0.9905255063028007
23 0.9905685973323785
23 0.9906112883883607
23 0.9906535854791836
23 0.9906954944828303
23 0.9907370211505022
23 0.9907781711102133
23 0.9908189498702749
23 0.9908602376831515
23 0.9908720488992249
23 0.9909065419824971
23 0.990945156215549
23 0.9909843159072322
23 0.9910233060773233
23 0.9910619883868663
24 0.9911003392021933
24 0.9911383576273456
24 0.9911760472092007
24 0.9912134123022375
24 0.9912504573482044
24 0.9912871867350057
24 0.9913236047705625
24 0.9913597156794461
24 0.9913955236039678
24 0.9914310326060931
24 0.9914662466694723
24 0.9915011697014351
24 0.9915366286510795
24 0.9915462215894009
25 0.991575745015036
25 0.9916096465742537
25 0.9916189977207709
25 0.9916480650020532
25 0.9916806939118751
25 0.9917145214967527
25 0.9917238635351476
25 0.9917523128454802
25 0.9917841987590061
25 0.9918165505139384
25 0.9918487837016883
25 0.9918807867209765
25 0.991912540415612
25 0.9919440436528493
26 0.9919752987733039
26 0.992006977939693
26 0.9920155723725806
26 0.9920420770635004
26 0.992072415732741
26 0.9920808090149928
26 0.992106925980696
26 0.9921362105025192
26 0.9921659269190558
26 0.9921961247754281
26 0.989501251770437
26 0.9889876805464421
26 0.9889154075049149
26 0.9889339687968446
27 0.988971009583794
27 0.9890116053800512
27 0.9890526817827872
27 0.9890936083486509
27 0.9891342582894725
27 0.9891746084980607
27 0.9892146571550822
27 0.9892544067689362
27 0.9892938606878728
27 0.9893330223840654
27 0.9893718953076048
27 0.9894104828575873
27 0.9894487883772174
27 0.9894868151538141
28 0.9895245664197952
28 0.9895633465335552
28 0.989575714034302
28 0.9895830052526358
28 0.9895882793951811
28 0.9896192022347734
28 0.989654913396814
28 0.9896913885298578
28 0.9897278075276708
28 0.9897640066399336
28 0.9897999551100168
28 0.9898356490839391
28 0.9898710901147125
28 0.9899062808108189
29 0.9899412239565206
29 0.9899759223347814
29 0.9900114748092229
29 0.990021755654797
29 0.9900513111828468
29 0.9900843647115918
29 0.9901179392248183
29 0.9901514326818206
29 0.9901847262427341
29 0.9902177980765348
29 0.9902516782367818
29 0.9902613970039817
29 0.9902895884651824
29 0.9903211167594025
30 0.9903531420360617
30 0.9903850932281602
30 0.9904168582021006
30 0.9904484164262279
30 0.990479765622134
30 0.990511879619751
30 0.9905209885853113
30 0.9905477265562652
30 0.9905776340145581
30 0.9906080139480344
30 0.9906383272900922
30 0.9906693895116335
30 0.9906781881737063
30 0.9907040917452746
31 0.9907339329983708
31 0.9907425268123178
31 0.9907681050073109
31 0.9907967156913944
31 0.9908257765608119
31 0.9908547749840013
31 0.9908836115439127
31 0.9909122682111481
31 0.9909407429623263
31 0.9909698646231413
31 0.9909788832816948
31 0.990983444881307
31 0.9910070909006445
31 0.9910341781789649
32 0.9910618010752622
32 0.9910901378192448
32 0.9910982914759483
32 0.9911221043441587
32 0.9911486804035432
32 0.9911756621015451
32 0.9912025863204091
32 0.9912293642060492
32 0.9912559798161513
32 0.9912824313921438
32 0.9913087199172657
32 0.9913355581954206
32 0.9913438664985564
32 0.991348153299566
33 0.9913700576494399
33 0.9913951043693497
33 0.9914206359149736
33 0.9914461346859181
33 0.9914715018373543
33 0.9914973655686125
33 0.9915048087556796
33 0.9915265983864536
33 0.9915508921604497
33 0.9915755514743678
33 0.9916001610442288
33 0.991624642085547
33 0.9916489805912558
33 0.9916731750075632
34 0.991697226160475
34 0.991721135317901
34 0.9917449038172751
34 0.9917685329942544
34 0.9917920241693015
34 0.9918153786453777
34 0.9918385977077644
34 0.9918616826242868
34 0.9918846346456138
34 0.9919080671971576
34 0.9919146000337645
34 0.991934312236913
34 0.991956311691995
34 0.9919786475292176
35 0.9920009444579548
35 0.9920237158713686
35 0.9920300628517602
35 0.9920492435339107
35 0.9920706438600254
35 0.9920923700383388
35 0.992114059037624
35 0.9921356427804221
35 0.9921571092227858
35 0.992178456953452
35 0.9921996865684477
35 0.9922207990335385
35 0.992242351819069
35 0.9922482770356765
36 0.9922664283387688
36 0.9922866854970904
36 0.9923072522792861
36 0.9923277863185185
36 0.9923482237461251
36 0.9923690847652905
36 0.9923748021378771
36 0.9923928943819145
36 0.9923981350751269
36 0.9924155562949969
36 0.9924355562981042
36 0.9924411833523319
36 0.9924585169660934
36 0.9924778507218043
37 0.9924974765217867
37 0.9925170711931034
37 0.9925365749045545
37 0.992555977182359
37 0.9925752767940389
37 0.9925944742290552
37 0.9926135702903025
37 0.992632565830512
37 0.9926514617030517
37 0.9926702587528679
37 0.9926889578149238
37 0.99270755971405
37 0.9927260652650449
37 0.992744475272829
38 0.9927627905325999
38 0.9927814769288726
38 0.9927869665263053
38 0.9927901403276376
38 0.9927925232231005
38 0.9928078324150081
38 0.9928257773134177
38 0.9928308322107808
38 0.9928465021988591
38 0.9928639642421491
38 0.9928816863357435
38 0.9928993822704075
38 0.9911277766447412
38 0.9908036730883838
39 0.9907586441221742
39 0.9907683606507558
39 0.9907887344167261
39 0.990811106559551
39 0.9908337776742129
39 0.9908564150200805
39 0.9908789540874114
39 0.9909013829759742
39 0.9909244714769996
39 0.9909312017540113
39 0.9909505216928569
39 0.9909728012199704
39 0.9909793900632765
39 0.9909985189008312
40 0.9910198498926002
40 0.9910422433075001
40 0.9910488456014834
40 0.9910684219011157
40 0.9910745150125524
40 0.9910938967113334
40 0.991099994571191
40 0.9911192828175668
40 0.9911254050279341
40 0.9911439775839985
40 0.9911647224413167
40 0.9911858055453258
40 0.991206869361455
40 0.9912278455321576
41 0.9912487215362661
41 0.9912694956270229
41 0.9912901681292137
41 0.9913107397595323
41 0.9913312113026604
41 0.991352202758556
41 0.9913584633042606
41 0.9913761734819807
41 0.9913958622141733
41 0.991415855710192
41 0.9914358296763089
41 0.9914557225171956
41 0.991475523023601
41 0.9914952296447797
42 0.9915148426748949
42 0.9915349558815231
42 0.9915409093247419
42 0.9915578859907921
42 0.9915767585801899
42 0.9915959227983694
42 0.9916150694848096
42 0.9916341402216213
42 0.991653124419638
42 0.9916720206079923
42 0.9916908290482983
42 0.9917095503263846
42 0.9917281850839779
42 0.9917467339676654
43 0.9917657641851443
43 0.9917713206085977
43 0.9917873826563711
43 0.9918052418120723
43 0.9918239246170976
43 0.9918294089544144
43 0.9918457953060884
43 0.9918508747483336
43 0.9918665983083456
43 0.9918841406167913
43 0.991901963137112
43 0.9919197725990377
43 0.991937514147101
43 0.9919551779136175
44 0.9919727625158086
44 0.9919907780654615
44 0.9919960702696577
44 0.992011325614204
44 0.9920287637989619
44 0.9920339601521131
44 0.9920490814618892
44 0.9920658829891156
44 0.9920829403724074
44 0.9920999837950609
44 0.992116963128141
44 0.9921343455502233
44 0.9921394737481444
44 0.9921542239061826
45 0.9921705963323746
45 0.9921872148774817
45 0.9922038197810952
45 0.9922203629571327
45 0.9922368358486755
45 0.9922532372775394
45 0.99226956743862
45 0.9922858267787473
45 0.9923020157875194
45 0.992318592326571
45 0.9923234321428394
45 0.9923374993403009
45 0.9923531148699939
45 0.9923689651001049
46 0.9923848034643769
46 0.9924005845643997
46 0.9909236466113547
46 0.9906532752722517
46 0.990615884404167
46 0.9906242569981554
46 0.9906423159529192
46 0.9906480806451264
46 0.9906656984179778
46 0.9906714016795182
46 0.990688212571769
46 0.990706981511558
46 0.9907260712924735
46 0.9907451584445538
47 0.9907648936501416
47 0.9907709634966483
47 0.9907875305221577
47 0.9908059336277842
47 0.9908246342322888
47 0.9908433293324993
47 0.9908619603126663
47 0.9908805161790089
47 0.9908989952152557
47 0.9909173975081095
47 0.9909357234911764
47 0.990953973661509
47 0.9909721485244838
47 0.990990929621578
48 0.9909966331247487
48 0.9910123990690894
48 0.9910299144314686
48 0.9910477124884202
48 0.991065506379542
48 0.9910832409829593
48 0.9911015638261464
48 0.9911071144555057
48 0.9911225091335283
48 0.9911396087301074
48 0.99115698304793
48 0.9911743534640048
48 0.9911916666479649
48 0.9912089126893948
49 0.991226090044535
49 0.9912431987781077
49 0.9912602392611878
49 0.9912772119204619
49 0.9912941171900067
49 0.9913109555020477
49 0.9913277272852223
49 0.9913444329642873
49 0.9913610729600993
49 0.9913782725163895
49 0.9913833803663777
49 0.9913978253907993
49 0.9914138764070672
49 0.9914301855401844
50 0.9914464924202523
50 0.9914627476138905
50 0.9914789419955525
50 0.9914950741409598
50 0.9915111440941043
50 0.9915271521764872
50 0.9915430987597622
50 0.9915589842223752
50 0.9915748089413228
50 0.9915905732906117
50 0.9916062776410011
50 0.9916219223599789
50 0.9916375078117948
50 0.9916530343574919
51 0.991668502354945
51 0.9916839121588992
51 0.9916998547817695
51 0.9917044584551966
51 0.9917178348167561
51 0.991732708849689
51 0.9917478229573282
51 0.9917635100363598
51 0.9917686009403355
51 0.9917712805588925
51 0.9917841198640405
51 0.9917992620686271
51 0.9918037319662099
51 0.9918168270997434
52 0.9918313851456958
52 0.9918461762124944
52 0.9918609663654991
52 0.9918762411967905
52 0.9918807019104148
52 0.9918935789269989
52 0.9919078777084291
52 0.9919224020280313
52 0.9919369250330201
52 0.9919514044386287
52 0.9919658325715588
52 0.9919802082486442
52 0.9919945315012931
52 0.9920088025863666
53 0.9920230218008218
53 0.9920371894470159
53 0.9920513058262268
53 0.992065371237469
53 0.9920793859772918
53 0.9920933503397646
53 0.9921072646164972
53 0.9921216340587566
53 0.9921257411090592
53 0.992137845965724
53 0.9921517856465532
53 0.9921562976417823
53 0.9921587122617254
53 0.9921704312505419
54 0.992183733988096
54 0.9921972934139422
54 0.992210860950288
54 0.9922243907038948
54 0.9922383410265048
54 0.9922423645244393
54 0.9922541550877487
54 0.9922672400198855
54 0.9922809827148835
54 0.9922849622038147
54 0.9922966348830542
54 0.9923095866448445
54 0.9923231815398619
54 0.9923275595252284
55 0.9923299369801072
55 0.992341209247515
55 0.9923539810064186
55 0.9923674151587935
55 0.9923713556512609
55 0.9911468543516075
55 0.9909258245159335
55 0.9908847904551967
55 0.9908896568415702
55 0.9909032498572563
55 0.990918493126294
55 0.990934011628014
55 0.9909495390767546
55 0.9909650241283119
56 0.9909804570916996
56 0.9909958363419736
56 0.9910111618135807
56 0.9910264337405371
56 0.9910416524126726
56 0.991056818128543
56 0.9910719311863669
56 0.9898757662939667
56 0.9896497492965824
56 0.9896178491965891
56 0.9896254394297901
56 0.9896410172926423
56 0.9896581713558736
56 0.9896755974262873
57 0.9896930305613001
57 0.9897104171806594
57 0.989727746666863
57 0.9897450171289277
57 0.989763118313667
57 0.9897688227091892
57 0.9897837943663413
57 0.9898004449424646
57 0.9898173915157528
57 0.9898343515979506
57 0.9898512683536073
57 0.9898681305478851
57 0.9898849361617279
57 0.9899025440009466
58 0.9899080578326546
58 0.9899226321556198
58 0.9899388399868584
58 0.9899553346872965
58 0.9899718425622975
58 0.9899891442324904
58 0.9899945527318839
58 0.9900088900488573
58 0.9900248312707239
58 0.9900410532579584
58 0.9900572880252434
58 0.9900734821138921
58 0.9900896250438785
58 0.9901057149464965
59 0.990121751676019
59 0.990137735429894
59 0.9901536664725066
59 0.9901695450799134
59 0.9901853715288073
59 0.9902011460943293
59 0.9902168690496456
59 0.9902325406658796
59 0.9902489539169558
59 0.9891091586814971
59 0.9888878655703239
59 0.9888557383016395
59 0.9888632379618172
59 0.9888789932164475
60 0.988896430910452
60 0.9889152471999892
60 0.9889213681793002
60 0.9889368563582785
60 0.9889540973197232
60 0.9889716614703827
60 0.988989247559753
60 0.9890067929962973
60 0.9890242849608353
60 0.9890417210150064
60 0.9890591008828344
60 0.9890774577485753
60 0.9890843853052169
60 0.989088102771144
61 0.9891026956639545
61 0.9891193492573882
61 0.9891373861511045
61 0.9891432402163489
61 0.9891591325961088
61 0.9891645525446636
61 0.9891793346734479
61 0.9891958543289219
61 0.9892126923296551
61 0.9892295529663581
61 0.9892463754746412
61 0.9892631475418305
61 0.989279866848374
61 0.9892965331333002
62 0.9893140923893977
62 0.9893197552802702
62 0.9893342128338709
62 0.9893502865482832
62 0.9893675794407255
62 0.9893731710826064
62 0.9893884051160845
62 0.989394480715813
62 0.9893979611678365
62 0.989411815480058
62 0.9894276036728655
62 0.9894437486016372
62 0.9894599255673471
62 0.989476068529931
63 0.9894921642211469
63 0.9895082101398995
63 0.9895242059795031
63 0.9895401518791177
63 0.9895560480672789
63 0.9895718947892758
63 0.9895876922923736
63 0.9896034408228197
63 0.9896191406252473
63 0.9896347919425665
63 0.9896503950159578
63 0.9896659500848818
63 0.9896814573870936
63 0.9896969171586613
64 0.9897123296339787
64 0.9897276950457837
64 0.9897430136251707
64 0.9897591249646858
64 0.9897642359233239
64 0.9897775453257404
64 0.9897923356672231
64 0.9898073906633764
64 0.9898224624718
64 0.989837501319561
64 0.9898533140265877
64 0.9898583141905288
64 0.989871388260001
64 0.9898859151387469
65 0.9899007007714683
65 0.9888665546954383
65 0.9886646153192966
65 0.9886353269663494
65 0.9886435033025633
65 0.9886474013244573
65 0.9886616206213361
65 0.9886778206329221
65 0.9886944004497379
65 0.9887110204756657
65 0.9887276095012564
65 0.9887451918222929
65 0.9887510098555741
65 0.9887654017108234
66 0.9887824238859514
66 0.9887881198180266
66 0.9888024113142656
66 0.9888183133735614
66 0.9888345164924015
66 0.988850744151762
66 0.9888669387610723
66 0.9888840825149238
66 0.9888897455050963
66 0.9889038060895896
66 0.9889194321245668
66 0.9889353493895933
66 0.988951289863918
66 0.9889671979533377
67 0.9889830622641034
67 0.988999845705803
67 0.9890053641720836
67 0.9890191401998449
67 0.9890344487249324
67 0.9890500412410302
67 0.9890656562979838
67 0.9890821818864423
67 0.9890876049082828
67 0.9891011844487023
67 0.9891162722943934
67 0.9891325628475012
67 0.989137921206281
67 0.9891513838077829
68 0.989167250005469
68 0.9891725175446835
68 0.9891858936831267
68 0.9892016569754213
68 0.9892069001969347
68 0.9892202041115064
68 0.9892349889853107
68 0.9892500457004753
68 0.9892659987144796
68 0.9892712538638553
68 0.9892844253990717
68 0.9892990455552645
68 0.9893139305723533
68 0.9893288356244719
69 0.9893437107983717
69 0.9893593988575873
69 0.9893645500697451
69 0.9893775012123929
69 0.9893918741196563
69 0.9894073431336498
69 0.9894124355078637
69 0.9894252778594954
69 0.9894395294399748
69 0.9894540371844885
69 0.9894685640616769
69 0.9894830620446138
69 0.9894975215193872
69 0.9895119406815683
70 0.9895263193127607
70 0.9885642018298715
70 0.9883750532452842
70 0.9883475541740245
70 0.9883543987915513
70 0.9883685041815032
70 0.9883841158451566
70 0.9884000116364253
70 0.9884159322518762
70 0.988431822828909
70 0.9884487098404371
70 0.9884554375215253
70 0.9884591558240761
70 0.9884725363138157
71 0.9884877798745317
71 0.9885033847635375
71 0.9885190312196247
71 0.9885346519192999
71 0.9885512341264404
71 0.9885568373321183
71 0.9885704160600045
71 0.98858648122245
71 0.9885919706439172
71 0.9886054597327693
71 0.9886204518471989
71 0.988635728405551
71 0.9886510309951242
71 0.9886663055617237
72 0.9886815409143297
72 0.9886967348548814
72 0.9887118870702816
72 0.9887269976415978
72 0.9887420667315486
72 0.9887570945190288
72 0.9887720811853996
72 0.9887870269116328
72 0.9888019318777167
72 0.9888167962625407
72 0.988831620243878
72 0.988847339516115
72 0.9888525770921777
72 0.9888654673941718
73 0.988879782037418
73 0.9888943640835843
73 0.9889089703800964
73 0.9889235505208852
73 0.9889380941615833
73 0.9889525992871468
73 0.9889670656126859
73 0.988051337760582
73 0.987867759614035
73 0.987840524220837
73 0.9878471936471134
73 0.9878611814573757
73 0.9878767218626061
73 0.9878925650019813
74 0.9879084401902098
74 0.987924288946456
74 0.9879400987546241
74 0.9879558670491679
74 0.9879715934168918
74 0.9879872779092448
74 0.9880029206772587
74 0.9870995045257226
74 0.9869116951391889
74 0.986882738882573
74 0.9868909499356487
74 0.9868952501312919
74 0.9869096876956459
74 0.9869262126457103
75 0.9869431741116909
75 0.9869601982496522
75 0.9869772012376334
75 0.9869955153158462
75 0.9870020219694899
75 0.9870167477344736
75 0.9870331246738102
75 0.9870498392895463
75 0.9870665948619942
75 0.9870833251741635
75 0.9871000155606475
75 0.9871166628876195
75 0.9871332665985717
75 0.9871498267120707
76 0.987166343374271
76 0.9871828167589639
76 0.9871992470452693
76 0.9872156344126619
76 0.9872319790398719
76 0.9872482811046416
76 0.9872645407836828
76 0.9872820360825342
76 0.9872881513121832
76 0.9873022280399499
76 0.9873178900987373
76 0.9873351307069372
76 0.9873411670961492
76 0.9873551304353003
77 0.9873706680268463
77 0.987387760721123
77 0.9873937425485967
77 0.9874075989850328
77 0.9874230147609295
77 0.9874387453043779
77 0.9874545135599648
77 0.9874714686063328
77 0.9874773743071621
77 0.9874910585890216
77 0.9875062771634671
77 0.9875218043526662
77 0.987537368234022
77 0.9875529092187567
78 0.9875695954531085
78 0.987575385644323
78 0.987590029752698
78 0.987595373993926
78 0.9876087225127406
78 0.9876236480193323
78 0.9876388903786627
78 0.9876541716141962
78 0.9876694311332997
78 0.9876846558221026
78 0.9876998429389585
78 0.9877149920063426
78 0.9877312349285756
78 0.9877368431801508
79 0.9877499840384468
79 0.9877645940633115
79 0.9877794966117052
79 0.9877944333822425
79 0.9878093483750332
79 0.9878242295387174
79 0.9878390743720905
79 0.9878538824475718
79 0.9878686537871053
79 0.9878833885095294
79 0.9878980867540554
79 0.9879127486636741
79 0.9879273743815588
79 0.9879430474057772
80 0.9879483929088793
80 0.9879610812969852
80 0.9879751918282708
80 0.9879906500575636
80 0.9879969868701197
80 0.9880004513785191
80 0.98801265042284
80 0.9880265686986974
80 0.988040831438457
80 0.9880551406020706
80 0.9880694322416883
80 0.9880836927202576
80 0.9880989500438804
80 0.9881041445060441
81 0.9881165295605673
81 0.9881302955389115
81 0.9881443326507763
81 0.9881584008578537
81 0.9881724488952727
81 0.9881864658940734
81 0.988200449632515
81 0.9882143997384568
81 0.98822831623476
81 0.9882421992281588
81 0.9882560488427525
81 0.9882698652057935
81 0.9882836484446563
81 0.9882973986861954
82 0.9883111160566099
82 0.9883248006814229
82 0.9883384526854747
82 0.9883520721929314
82 0.9883656593272849
82 0.9883792142113622
82 0.9883927369673265
82 0.9884062277166824
82 0.9884206542026972
82 0.9884254603098214
82 0.9884371752524073
82 0.9884502038520945
82 0.9884634880467487
82 0.9884768015622833
83 0.9884900966086292
83 0.9885033631632143
83 0.988516599197768
83 0.9885307462782272
83 0.9885363646343183
83 0.9885393867237695
83 0.9885505305448983
83 0.988563240464182
83 0.9885762582745723
83 0.9885893167685188
83 0.9886023597848619
83 0.9886153755892457
83 0.9886283618014011
83 0.9886413180092173
84 0.9886542442141468
84 0.9886671405041423
84 0.9886800069848742
84 0.9878851105995154
84 0.9877256618897264
84 0.9876927609318573
84 0.9876967321275268
84 0.9877085953064019
84 0.9877221571654085
84 0.9877360639534281
84 0.9877500205066517
84 0.987763962565177
84 0.987777876218708
84 0.987792836899487
85 0.9877979698988829
85 0.9878100427888368
85 0.9878245352219467
85 0.9878306143371403
85 0.987833953089597
85 0.9878455852788787
85 0.9878599072789871
85 0.9878659343321886
85 0.9878692725900846
85 0.9878808564363055
85 0.9878940709099496
85 0.9879086362935089
85 0.9879136782758312
85 0.9879255597397378
86 0.9879387632124346
86 0.9879522294140715
86 0.9879667317363906
86 0.987971735224422
86 0.9879835125168591
86 0.9879965950107317
86 0.988010925573291
86 0.988015876855947
86 0.9880275718135171
86 0.9880405631387796
86 0.9880547859853478
86 0.9880606651827734
86 0.9880639288570408
86 0.9880751901828606
87 0.9880880144949122
87 0.988101151464448
87 0.9881143315520182
87 0.9881274972578223
87 0.9881406363818642
87 0.9881537464043579
87 0.9881668268727157
87 0.9881798777752613
87 0.9881928991939735
87 0.9882058912303723
87 0.9882188539897095
87 0.9882317875776027
87 0.9882446920993178
87 0.9882575676596199
88 0.9882704143627459
88 0.988283232312399
88 0.9882960216117538
88 0.9883087823634553
88 0.9883215146696265
88 0.9883342186318693
88 0.9883468943512693
88 0.9883595419283995
88 0.9883721614633207
88 0.9883856604810567
88 0.988390229068032
88 0.988402110114001
88 0.9884063379693615
88 0.9884172274748582
89 0.9884293827543587
89 0.988441785584405
89 0.9884551029247767
89 0.9884596152400292
89 0.9884704797045998
89 0.9884825423456763
89 0.9884948378821369
89 0.9885071609853618
89 0.9885194685355163
89 0.9885317515339316
89 0.9885440081626531
89 0.9885562381138423
89 0.9885684413968195
89 0.9885806180871937
90 0.9885927682741373
90 0.9886057467360104
90 0.9886101044883415
90 0.9886206874287613
90 0.9886324380934612
90 0.9886452573769291
90 0.9886495697685457
90 0.9886600825892669
90 0.9886717559935968
90 0.9886836534122091
90 0.9886955771640735
90 0.9887074860579527
90 0.9887193715637779
90 0.9887320560460805
91 0.9887362984926262
91 0.9887466571475685
91 0.988758970521385
91 0.9887639384656954
91 0.9887666950018278
91 0.9887767041989372
91 0.9887880888608697
91 0.9887997411574323
91 0.988811429076871
91 0.9888231045491933
91 0.9888347576669592
91 0.9888463864429633
91 0.9888587794775349
91 0.988862920767612
92 0.9888730644416347
92 0.9888843191881009
92 0.9888957862371912
92 0.9889072777429297
92 0.9889187549567369
92 0.9889302099351225
92 0.9889424129053612
92 0.9889472405022314
92 0.9889506605326641
92 0.9889530421033158
92 0.9889626898532763
92 0.9889737059072566
92 0.9889849863323886
92 0.9889963020572016
93 0.989007606050653
93 0.9890196341661572
93 0.9890243897539139
93 0.9890270325302923
93 0.9890366240294912
93 0.989047514376123
93 0.9890586540579734
93 0.9890698260630673
93 0.98908098601396
93 0.9890921248838047
93 0.9891032408873416
93 0.98911433372183
93 0.9891254033876797
93 0.9891364499470245
94 0.9891474734743266
94 0.9891584740462689
94 0.9891694517396956
94 0.98918040663119
94 0.9891913387969891
94 0.9892022483129724
94 0.989213135254655
94 0.9892239996971958
94 0.9892348417153936
94 0.9892456613836922
94 0.9892571631577992
94 0.9892609551595215
94 0.9892704083309863
94 0.9892808901506891
95 0.989292260262908
95 0.9892967048959713
95 0.9892991685047675
95 0.9893082997728253
95 0.9893186629898079
95 0.9893292602050673
95 0.989340566807508
95 0.9893449777828989
95 0.9893474327747689
95 0.9893564956565919
95 0.9893674419013228
95 0.9893711142128201
95 0.9893810518560299
95 0.9893845226331153
96 0.9893937429431972
96 0.9894040020810244
96 0.9894144551962218
96 0.9894255809996619
96 0.9894292786276007
96 0.9894384778297425
96 0.9894486644106899
96 0.9887517246235304
96 0.988617174023259
96 0.9885988639964179
96 0.9885966771099258
96 0.9886053168068474
96 0.9886160840850039
96 0.9886272782060374
97 0.9886385428575954
97 0.9886498039115542
97 0.9886610459937034
97 0.9886722659643805
97 0.9886834632302407
97 0.9886946377274654
97 0.988706548769592
97 0.9887106054076307
97 0.9887203682398095
97 0.9887319396722432
97 0.9887366671829546
97 0.9887393485368834
97 0.9887487903736356
97 0.9887595075440032
98 0.9887704727043957
98 0.9887814714026959
98 0.9887931931093145
98 0.988797193787839
98 0.988806824001145
98 0.988817491701913
98 0.9888283578727295
98 0.9888392474836838
98 0.9888501245092347
98 0.9888609815763127
98 0.9888718172214849
98 0.9888826311994148
98 0.9888934235155359
98 0.9889041942266869
99 0.9889149434000325
99 0.9889256711046049
99 0.9889370876508339
99 0.9889409535190716
99 0.9889503362846951
99 0.9889614328705577
99 0.9889652300485435
99 0.9889745659757483
99 0.988985611558403
99 0.9889893953313119
99 0.9889986959482997
99 0.9890090052124385
99 0.9890195059922986
99 0.9890300292761165
