0 4.275996065058538
1 0.9124728399501869
2 -0.4842896027101222
3 0.4142491000201298
4 0.40528106069186
5 0.36319834508404547
6 0.3229524329714142
7 0.3081040506543786
8 0.29470561579853616
9 0.24746968309472894
10 0.20934174743308454
11 0.23937366129508142
12 0.17559572613515506
13 0.15212402028351235
14 0.16777042746912585
15 0.1464113946575516
16 0.1485999191206684
17 0.11252999719704171
18 0.11760364700422166
19 0.127909803289187
20 0.1144061648376482
21 0.10946801568911368
22 0.09852661095601611
23 0.11338161921845114
24 0.10882994047483763
25 0.09244470199564958
26 0.0949303113811748
27 0.10301337603277894
28 0.08798929638669328
29 0.07949808538250736
30 0.07190661163167356
31 0.07014643757110939
32 0.08255997666129211
33 0.0753467027761836
34 0.07315964241933237
35 0.062193284993092846
36 0.05672169817489703
37 0.05586839891793005
38 0.06238072818041296
39 0.06452975580487319
40 0.05227170121997737
41 0.06501813046679672
42 0.05665692503316677
43 0.05540896072080059
44 0.06068948483016712
45 0.05611177962510183
46 0.051731336123333804
47 0.050689937373139315
48 0.05269659514623726
49 0.04571977257409543
50 0.05356365208262659
51 0.04677669939974649
52 0.05438869134196622
53 0.050564981243031326
54 0.04399634849141876
55 0.037836848458940864
56 0.040023465044226825
57 0.041975943843677754
58 0.04378817154428738
59 0.038119700784598365
60 0.04237762548382129
61 0.04167970097114804
62 0.03632191722771516
63 0.033593169975572934
64 0.03983440346109113
65 0.03921784115391702
66 0.04080301040268175
67 0.03801819428917952
68 0.031083138237592678
69 0.03697013816418249
70 0.04058979821639319
71 0.03588205266986577
72 0.03333549823491211
73 0.03289980338286469
74 0.02856011030689487
75 0.030216409029893754
76 0.03362448098322979
77 0.03318393357130667
78 0.030908805740182288
79 0.03235168925948351
80 0.030140064262015542
81 0.03156014434899923
82 0.031171537411861294
83 0.02904345553816512
84 0.030435975216267508
85 0.03179555622409502
86 0.02630233935633086
87 0.031073275325972816
88 0.024054191008870518
89 0.02874659550070291
90 0.0268061938004287
91 0.02811984598702466
92 0.02781079340820014
93 0.02593499526847154
94 0.02878585975850001
95 0.025371761234055157
96 0.02359522748702325
97 0.027906131275816648
98 0.023114013982198145
99 0.02884011291097366
100 0.022626365487672828
101 0.022440386912414567
102 0.025113539490119408
103 0.024866689198441705
104 0.02462460223978269
105 0.022982859878553086
106 0.022774825030863255
107 0.023943306479846882
108 0.025089616474357257
109 0.01942260721625111
110 0.023298686612170272
111 0.025757640116355063
112 0.022860826789841582
113 0.02398470278240339
114 0.021125712624785464
115 0.018354679788899375
116 0.022085642134701544
117 0.021894331295703395
118 0.019179478826124807
119 0.020288303185227008
120 0.021361260938649096
121 0.01995407879804212
122 0.018586348938686825
123 0.020853413754601036
124 0.01830315886218692
125 0.019352063745827763
126 0.01920429827806558
127 0.02021253653765065
128 0.018904619308168336
129 0.01990061918513142
130 0.019745279789276537
131 0.020722125782404177
132 0.020564290729456758
133 0.015927230351746147
134 0.01804921553775074
135 0.019014522049475957
136 0.018872608470697827
137 0.019819899613137792
138 0.017507870596093156
139 0.018459196779085474
140 0.01832535581706196
141 0.016073942786528406
142 0.020182850348653858
143 0.017935139678218803
144 0.016762400171506542
145 0.01665160527591425
146 0.01757102978080738
147 0.017449667591794338
148 0.016310885312121215
149 0.017216654285224564
150 0.01710010647184923
151 0.01598380154244694
152 0.017872957640063802
153 0.014778904180284158
154 0.016658221498788706
155 0.015572731570514975
156 0.01644573290287532
157 0.01345611498255117
158 0.01624708612872361
159 0.01614327484276501
160 0.017934421326566863
161 0.013107858503648373
162 0.015843651350230914
163 0.013894021125457456
164 0.012004733973293824
165 0.015574178916720527
166 0.015478814722877487
167 0.016281545889803795
168 0.013504136335543038
169 0.01608998611482626
170 0.015994579829577305
171 0.015015236494939188
172 0.014047807366287302
173 0.014842378739555073
174 0.015627271102859552
175 0.012932909205124687
176 0.011166495092767903
177 0.01367259161269807
178 0.014438790651189137
179 0.011024286268357386
180 0.013464559764543083
181 0.013392883905920527
182 0.01251134540871135
183 0.013257105561937266
184 0.013187585547719038
185 0.012326186035352293
186 0.013843294531399764
187 0.012983302432987287
188 0.012139091239081523
189 0.01440281681789024
190 0.012780340341114638
191 0.011950636107940227
192 0.011898203432798127
193 0.014106900191110938
194 0.01327861723257584
195 0.010964079370749502
196 0.012406512585592111
197 0.012345553514025553
198 0.013018183959498941
199 0.013684044315604993
200 0.012883201612567063
201 0.012090380980227522
202 0.012755773223037892
203 0.011970922445476262
204 0.01263084002857795
205 0.011853800162496597
206 0.01322030141456132
207 0.011734832565700515
208 0.011680313695258349
209 0.01373614443582305
210 0.012263495533265
211 0.012204321013994601
212 0.011447467542904377
213 0.01348361713098356
214 0.012725099048106259
215 0.011273759726462274
216 0.010534128690778743
217 0.013239034153238904
218 0.009748255157319363
219 0.011754870505683357
220 0.012379525811420322
221 0.012322986076464204
222 0.012266944813735137
223 0.012211395594938779
224 0.011479338747445667
225 0.010754117702164834
226 0.01137803023084949
227 0.011327005366180032
228 0.009947007863953417
229 0.011892296057336438
230 0.011178657176056817
231 0.00981518113258062
232 0.009130409354835223
233 0.009750511693709996
234 0.01099780882215029
235 0.010310404650228477
236 0.01026835908852064
237 0.011494365400729123
238 0.010811473792283977
239 0.010134553234816934
240 0.010721566712163622
241 0.009426007356523769
242 0.010013659692045707
243 0.010592151862507393
244 0.009316482206486398
245 0.00928490895238987
246 0.011076490674888362
247 0.010422646886588893
248 0.009774287344050947
249 0.009135183787291723
250 0.010899920176603572
251 0.010856053515452047
252 0.010812527885718737
253 0.010769339402031619
254 0.010726484179031104
255 0.010683958509622116
256 0.010044579714300284
257 0.010600301917296662
258 0.010558745721944263
259 0.009329362390420926
260 0.008117372050033822
261 0.009266460299841128
262 0.009232525433638727
263 0.010359785966997492
264 0.00858160708958522
265 0.007981684750117068
266 0.008532338724759114
267 0.009638642401114339
268 0.007909088395546604
269 0.009570056856318843
270 0.008974772950761434
271 0.008387353056601654
272 0.008913763973414035
273 0.00833280814913806
274 0.008307529173166017
275 0.009368525730678812
276 0.008250498256536787
277 0.009302295013178252
278 0.008194234877009876
279 0.008169726155763612
280 0.008675164659496915
281 0.008645352434530906
282 0.008090452301978246
283 0.00858857395359891
284 0.00908017380790227
285 0.006975085623704302
286 0.008505820445879664
287 0.007455129372850422
288 0.008961316412733566
289 0.008929695261027604
290 0.007887094314352083
291 0.009878311942873808
292 0.008836144970693738
293 0.008302846516023976
294 0.008275516869616695
295 0.008746823194094588
296 0.00821937106229953
297 0.008687894125589679
298 0.0076706678300766384
299 0.009123067360636838
300 0.00810933335743158
301 0.008083261527652041
302 0.008544535761753735
303 0.008029685268425624
304 0.008973296389729768
305 0.007491809723443765
306 0.00795158628170256
307 0.008405831627896987
308 0.008857069638899873
309 0.007871268215229321
310 0.00784670627035311
311 0.007348773418939913
312 0.00874405111244414
313 0.007772111108355517
314 0.006811186030969196
315 0.008661333595235021
316 0.008633650591942654
317 0.008139507794112433
318 0.0076485380413870985
319 0.007625345409884687
320 0.0076022919820566415
321 0.008039011059732815
322 0.008013544458677302
323 0.008905860981041513
324 0.008420106736590327
325 0.007935194211313501
326 0.007910367974528043
327 0.007885695282304539
328 0.007861174723085895
329 0.0069292468033417265
330 0.0073627367964803625
331 0.0068918774996014065
332 0.008217720038363296
333 0.006850214733276516
334 0.008168634252797347
335 0.006809052443717434
336 0.007676761721093328
337 0.00721175127546303
338 0.005000414414119803
339 0.007178438841961565
340 0.007158002794319884
341 0.007137681961463471
342 0.0075481249732476385
343 0.007095874498201482
344 0.007075904060922511
345 0.007910302090763821
346 0.007887201667472254
347 0.007437167667383449
348 0.006564839241040232
349 0.006549036334050129
350 0.005693667641050837
351 0.006939177001189734
352 0.00443311462002427
353 0.006498494956758805
354 0.007301471421669703
355 0.006871656158200068
356 0.0068529081181587514
357 0.008054368481698049
358 0.00721821124170674
359 0.005982116133964155
360 0.00758339210734249
361 0.0067553839326279785
362 0.0067372668563550064
363 0.006319349864515544
364 0.006304598442515186
365 0.006686074942987119
366 0.006668322224872014
367 0.007834876771081412
368 0.007023871788994995
369 0.007004441242319359
370 0.007773099860052923
371 0.006964475294822137
372 0.005768476541575751
373 0.007711109719828357
374 0.007299594886728045
375 0.0064979244198255515
376 0.006870655284732408
377 0.006463261030166478
378 0.006834244362828201
379 0.006428965294620781
380 0.007184403039012466
381 0.006393818155647324
382 0.0056105855910573155
383 0.0071284631994856795
384 0.007492645017922683
385 0.006325844180533835
386 0.006691041562582711
387 0.005913090601101345
388 0.007036397728363397
389 0.006639036437263712
390 0.0047371589899007915
391 0.006607637602424887
392 0.006590430261006475
393 0.006947262409077837
394 0.006555638217832893
395 0.0069118586907315205
396 0.007267724511603291
397 0.006503151911608995
398 0.006114248011726886
399 0.005728806136161779
400 0.005716765153902514
401 0.006440097218732177
402 0.0067915060208108
403 0.006039711144676829
404 0.007124797455627885
405 0.00564166112600617
406 0.005266121537701451
407 0.004896646343699018
408 0.005611357497400604
409 0.005599771706336298
410 0.00630240634201229
411 0.0059300188149862265
412 0.006627903050709705
413 0.00661168390797684
414 0.006595541482955269
415 0.005513575400978965
416 0.006209613187813545
417 0.006194410321768373
418 0.00617928110297683
419 0.00651677166751341
420 0.0061486693593835184
421 0.006837882814593854
422 0.005766070054946226
423 0.006454724512874321
424 0.0060883219630341046
425 0.005723694281208225
426 0.006409148787504648
427 0.005347336213166187
428 0.00603136460997078
429 0.006364341883454472
430 0.0042725375315058045
431 0.005646600853648209
432 0.006320673383022779
433 0.005619442490576887
434 0.006291467761908365
435 0.005592540568596149
436 0.005921126801688104
437 0.005566838655791884
438 0.006233981977842973
439 0.006219616123416927
440 0.006545388590893708
441 0.005511462033613412
442 0.0058380223636085304
443 0.005824570260294593
444 0.005811179551535872
445 0.005124209055775708
446 0.005114623098037896
447 0.004438245960031395
448 0.0050981237145641956
449 0.005419246190292881
450 0.005737732477417268
451 0.0057247434378844275
452 0.005711812598750754
453 0.005042053198870633
454 0.005359741859134459
455 0.005348345635873386
456 0.005988651508225473
457 0.006301668116069692
458 0.005635920366341196
459 0.005298092153665834
460 0.004962897422963408
461 0.005923514028850718
462 0.005263983148324769
463 0.005252993301841258
464 0.005242048900974794
465 0.005872639187149531
466 0.005218623547985857
467 0.005207822403455964
468 0.005515851895331991
469 0.005822518753120676
470 0.005173213859976045
471 0.005479983796259802
472 0.006103027269993788
473 0.00513823693473725
474 0.00481177785695408
475 0.00511815427307738
476 0.0051077664102265885
477 0.005097420296820587
478 0.005087115656362329
479 0.005701149741092593
480 0.005376916400546605
481 0.005054083165301648
482 0.004423705300709457
483 0.005344601886481115
484 0.005024593825517343
485 0.004706955391178269
486 0.0046988510293886065
487 0.004080893166250377
488 0.005596932518525222
489 0.005889924163057003
490 0.004661283943260486
491 0.005259140576523436
492 0.004945580883930489
493 0.005539998761364018
494 0.004623249034910515
495 0.0052165865345159546
496 0.005205846609879217
497 0.004895243306251018
498 0.004885736685519504
499 0.005473478639025586
500 0.005462399974913268
501 0.004556604741086545
502 0.004845918607305322
503 0.004244529125571717
504 0.005123918468598276
505 0.0051135567555249395
506 0.004221048169721797
507 0.004508345096855493
508 0.005084704302120713
509 0.004782839030660568
510 0.004773761058441295
511 0.0050550001833507
512 0.005044916753838891
513 0.005034873101980253
514 0.004158391653628968
515 0.005016058043111116
516 0.004718657350167632
517 0.004137091971649909
518 0.004702350772280539
519 0.004124655824853107
520 0.004969802699637427
521 0.0046767717285547405
522 0.005233640542442686
523 0.004375868760703838
524 0.004368832560416536
525 0.004922922053097523
526 0.0051939715995033
527 0.0043432590391638826
528 0.0051743202566321145
529 0.005164425572750986
530 0.005154567406862043
531 0.004307499977581841
532 0.004856763902338912
533 0.004569638644166929
534 0.005116001855636654
535 0.004551839592743079
536 0.00426740316471097
537 0.003985663817736906
538 0.004254933912310577
539 0.0050689612253478344
540 0.005059465183862244
541 0.004502935262280516
542 0.0050407367744043086
543 0.004485652942097573
544 0.004749774641812365
545 0.004197597663733177
546 0.004732682653418863
547 0.0049946727958634085
548 0.004444210600912157
549 0.004436370603801976
550 0.003890721629417726
551 0.00469015178533283
552 0.004413600923726335
553 0.004405867257446516
554 0.004398160424905484
555 0.004390480273301023
556 0.004117525662884702
557 0.004905478126602247
558 0.004896584170644758
559 0.004358314647099348
560 0.004350773378966721
561 0.004343258056927368
562 0.004335768375351989
563 0.003804403910191212
564 0.004583253336026161
565 0.004053294280293329
566 0.0037875691923510146
567 0.004819407666214914
568 0.004292462137541975
569 0.004285144474131641
570 0.0047940318327199805
571 0.004527400626095357
572 0.004261718015190041
573 0.004768851737015467
574 0.003989488381186845
575 0.00449583210865967
576 0.003976263353251852
577 0.004735893220651377
578 0.00472760399863148
579 0.004209090038777674
580 0.004202055177291442
581 0.004195043555220934
582 0.003934852968079383
583 0.004434292175560017
584 0.004174147645240822
585 0.0036641666956533925
586 0.004161361575807376
587 0.003654369123982093
588 0.003899430346795185
589 0.004391024354820416
590 0.004632065116297213
591 0.004872938952754424
592 0.0038706216291686246
593 0.003865105347365727
594 0.0041064627730484915
595 0.004099763988058669
596 0.00384721663431975
597 0.003352075800631127
598 0.004081753781061792
599 0.003831584152056422
600 0.004555360428650346
601 0.0045476959785695215
602 0.0035686969786254963
603 0.0042904301808484036
604 0.004041394568069734
605 0.0037938119494214106
606 0.0035482910461617223
607 0.004023398476409312
608 0.00473537937796209
609 0.0032921357342203805
610 0.004242492490444505
611 0.004235395987048918
612 0.004466340484210463
613 0.004458973591688675
614 0.004451630054980171
615 0.004444310077811764
616 0.0034870783129186123
617 0.004429972628720691
618 0.004422723257441419
619 0.00394208003127261
620 0.004644960004952736
621 0.004164678583027381
622 0.0036859607935291194
623 0.0039161422173563665
624 0.004380114507515742
625 0.0036683941143493826
626 0.003897471324318502
627 0.0036578452272699735
628 0.004119010191057981
629 0.003879421143199835
630 0.003873441251926124
631 0.003635656757982275
632 0.0031689632742235574
633 0.004318299485014165
634 0.0036204369098271627
635 0.003386268741451204
636 0.003382857830736441
637 0.004063182423131195
638 0.00405667301677326
639 0.004050184172243121
640 0.0040437157877093455
641 0.004264600240276195
642 0.004485347410071228
643 0.004251133403165852
644 0.0035629353078583392
645 0.0037846371851664173
646 0.00400509664904547
647 0.003998769883789777
648 0.00376678013709153
649 0.0039864093269095235
650 0.003530252128257416
651 0.004423781501834867
652 0.003967663185893144
653 0.003737114719111645
654 0.003955493695695367
655 0.003949321719115773
656 0.004166815022490056
657 0.00393680488922854
658 0.0037075032305367017
659 0.003257008851505816
660 0.0034755535743968835
661 0.003692372250952758
662 0.00346607908431551
663 0.004123079052074985
664 0.003896197173165916
665 0.0038902088708852034
666 0.0032248098723464125
667 0.00431795614712982
668 0.0034340138663502273
669 0.0034296640806061873
670 0.0034253234771419727
671 0.0036385090352233362
672 0.0038505472766878768
673 0.003410700912340303
674 0.0038393007853372296
675 0.0036171705432970214
676 0.0031805991165931857
677 0.0038227666227506063
678 0.0038170032785096453
679 0.0042413501941922505
680 0.0033754350006169886
681 0.0037998160551069304
682 0.0037941209738896475
683 0.0033606967917805264
684 0.0035697825369318537
685 0.0037777650286372477
686 0.0031341025460385197
687 0.00376714610319695
688 0.003549607383330766
689 0.003544598919674513
690 0.0033285532408697804
691 0.0037456754362175104
692 0.0037401423323828453
693 0.003524343832395971
694 0.003939406000434076
695 0.003304044454118582
696 0.003300010284867483
697 0.003504675667503676
698 0.003708284028110853
699 0.003078449488373991
700 0.003698049171354967
701 0.003900242241805074
702 0.003894623660006147
703 0.002853064172086306
704 0.0034704278514325893
705 0.0034656394709600136
706 0.0036667052336341044
707 0.0038672016380587593
708 0.004067584799489765
709 0.00385612617539266
710 0.0030282574734634693
711 0.003230256304956214
712 0.00383999363112153
713 0.003629908183931718
714 0.003624711200220787
715 0.004028186624051244
716 0.003818338198485094
717 0.002996573122796775
718 0.003604069541328414
719 0.0033956026309063247
720 0.003594025663904432
721 0.0029809197440009427
722 0.003786749759456143
723 0.003377011074906733
724 0.002767906189550473
725 0.00377119173937146
726 0.0033637789456477662
727 0.0033592810504892157
728 0.0033547951170476153
729 0.0031504414655607604
730 0.003545738349181704
731 0.003341408417334435
732 0.0033369697630405426
733 0.0031339597771946615
734 0.003328449078246365
735 0.003521985388942994
736 0.003517093136903071
737 0.0029198867705595433
738 0.0035078852233496605
739 0.0035030323051756795
740 0.003498192643732523
741 0.0031005982455205583
742 0.0036850450123786516
743 0.0034839295112902846
744 0.0026968203746982056
745 0.003670269725255082
746 0.00308021703676431
747 0.0032711515523331514
748 0.0028787596529582515
749 0.003263267382870083
750 0.0038395995798055083
751 0.0032538925588667666
752 0.003056636545810676
753 0.003631404062613086
754 0.0028559807833588025
755 0.003045414443473504
756 0.0034252556215541574
757 0.003420629247543161
758 0.003033411427175281
759 0.00360281777103566
760 0.0030253191071025753
761 0.0032122737902682275
762 0.0032081700483104214
763 0.0024458355474017424
764 0.0033902407158130643
765 0.003008016195963137
766 0.0031930245022557813
767 0.0030008945614063975
768 0.0035609106707852334
769 0.003368351463002739
770 0.0035515950439624078
771 0.00335925597754283
772 0.002980144170578569
773 0.0035377981694111327
774 0.003159155923647461
775 0.002968648972458965
776 0.003337764093878093
777 0.003333371685595665
778 0.003143054360400299
779 0.0036964594473829493
780 0.003320104588059536
781 0.0029447095730681383
782 0.0033117376733535764
783 0.003677831191456704
784 0.00330278513138893
785 0.0032984831632241196
786 0.0036641589540558073
787 0.002550781573535943
788 0.0031017125438630444
789 0.003097886656181714
790 0.003461572181542749
791 0.0032733688131010297
792 0.0023528361925784225
793 0.002717813724324003
794 0.0032619496487278354
795 0.003075669737878428
796 0.0027086352201948216
797 0.003249999746902432
798 0.0034271104814251885
799 0.003060405928422938
800 0.0028759406995924053
801 0.0034142942604376003
802 0.0034099895710859585
803 0.0032251699449190596
804 0.002860665234031501
805 0.0032172740466087646
806 0.0032131923799134654
807 0.0028500718035537886
808 0.0030261509382469853
809 0.0028436813008809736
810 0.0033763826213544235
811 0.0031935238657929688
812 0.00301111345470062
813 0.0030075071699720013
814 0.002826152805926796
815 0.0033556891285186907
816 0.0031739500554870403
817 0.0024613596906490898
818 0.0031665893766472664
819 0.002456959045968432
820 0.003159261264961799
821 0.002628090704117625
822 0.003327317463099888
823 0.0027971733943630284
824 0.0033192430128217154
825 0.003315175315947272
826 0.002611613221230158
827 0.003132617930535986
828 0.002780212380450564
829 0.002951201226110811
830 0.0031214549817484283
831 0.0029440327926089083
832 0.002767357509579682
833 0.0031103711516990984
834 0.0025883438356544275
835 0.0031031616381298477
836 0.002754969711521227
837 0.0030958495917801088
838 0.0030920714198146015
839 0.0029166697058791158
840 0.002913284886727041
841 0.003252318289010958
842 0.003248413398981853
843 0.0029022215458276435
844 0.0028988704143557698
845 0.00323686812771129
846 0.002891715674202544
847 0.0030587411310918355
848 0.0030550523078964886
849 0.002541423265927989
850 0.003048097627480928
851 0.002367006294662133
852 0.002534707455197349
853 0.0030380492389703306
854 0.003202913940175023
855 0.002189805090878849
856 0.003027676590125594
857 0.0030240633495921543
858 0.0030204587092121926
859 0.0028495121369083165
860 0.0030134026601409403
861 0.003176917787641287
862 0.002839157546972615
863 0.002669310677450909
864 0.003165901493051848
865 0.002496857676305808
866 0.0026607344043441117
867 0.0028236412908846376
868 0.002985881379565569
869 0.002817079133816236
870 0.0029789859108859673
871 0.002645704720634967
872 0.002807625656700452
873 0.0031333846709387103
874 0.0029652899684258216
875 0.0027975740085715017
876 0.00295848911626706
877 0.0029550388426216045
878 0.0022970400314257233
879 0.0024591118271963808
880 0.0027827224403011996
881 0.002617086123795076
882 0.0029391195130230585
883 0.0027734968316437403
884 0.002284993606714636
885 0.002929527210650207
886 0.0029261452145838973
887 0.002761503201313076
888 0.0032419152848923716
889 0.002915926888807263
890 0.0025906572118401527
891 0.0029094687051731682
892 0.0025850592937608496
893 0.002742759388631555
894 0.002899834755218933
895 0.002736567810661228
896 0.0027335869526901035
897 0.002571169083246616
898 0.0025687082088445834
899 0.0030430628976318985
900 0.0025629059382410446
901 0.002718985153471465
902 0.0030329538858460126
903 0.0030295595643217155
904 0.0023929019371173865
905 0.002706843166379258
906 0.0028616998897739165
907 0.002858472638756382
908 0.003170615294951773
909 0.0025366769259562716
910 0.0026915135094967013
911 0.002531600883216356
912 0.0028427814686509123
913 0.0026828812406023417
914 0.0026800160267335116
915 0.002208742822400467
916 0.0028307522443320465
917 0.002827594624246643
918 0.0028244439599980353
919 0.0029769068787466324
920 0.002507147641157559
921 0.002659931938971738
922 0.0028121301729591153
923 0.0018808827007639195
924 0.0029609215707679937
925 0.0028033461130654302
926 0.002800249334544702
927 0.0024891691282427075
928 0.0027942922752259847
929 0.0024839994148422306
930 0.002481700401396836
931 0.002938691250154335
932 0.0027823466516494477
933 0.0029323476628668743
934 0.0029291750251871917
935 0.0029260088194966727
936 0.0029228494386082104
937 0.0021557266300185063
938 0.0027641422930173576
939 0.0030660412012259997
940 0.0026055235503150698
941 0.0026028212887361235
942 0.0019929110130796346
943 0.0030529071081986103
944 0.002746487807563369
945 0.0030466579046368736
946 0.002588830524462793
947 0.002888886840072047
948 0.002583126231900934
949 0.0030340533703601125
950 0.0025772598601072616
951 0.002574616199115809
952 0.00272277749900951
953 0.0025691593182344263
954 0.0027170425019029665
955 0.0028646207938543
956 0.0025607399147560272
957 0.001958141379876821
958 0.0030055795359658077
959 0.00270286150043475
960 0.002699981559999287
961 0.002697107702275048
962 0.00269423994177842
963 0.0023927735019313445
964 0.0025396458804536337
965 0.0026859776117049705
966 0.002980967969044457
967 0.002829028264390132
968 0.002528324897856038
969 0.0025257810193686225
970 0.002226534299559546
971 0.0023730123357452726
972 0.002666594271421019
973 0.002516014166765501
974 0.0022185331909092554
975 0.002217042347172793
976 0.002215551139670424
977 0.0028003009501844645
978 0.002797406632453203
979 0.002501324532211413
980 0.0023525289725405685
981 0.0026426539843740215
982 0.0027860112022537464
983 0.0027831460611338343
984 0.002780286697085188
985 0.0029235581605391303
986 0.0027745642437437823
987 0.002479631250029257
988 0.002040145147464756
989 0.0024752623867279056
990 0.0023276423307834193
991 0.0024705623363985296
992 0.002612970711211915
993 0.0020317644812344327
994 0.0026079748931771007
995 0.002316869184134873
996 0.002458802904595103
997 0.0024563963088439777
998 0.0024539945152497467
999 0.0027386676810969846
