0 0.5
0 0.9750000000000003
0 0.9269614999999999
0 0.9224017359500001
0 0.979585623169
0 0.9257779200808437
0 0.9223028984489194
0 0.9795825182071871
0 0.925777162328688
0 0.9223028381672712
0 0.9795825163150624
0 0.9257771618673579
0 0.9223028381305713
0 0.9795825163139105
1 0.9257771618670769
1 0.9223028381305491
1 0.9795825163139096
1 0.9257771618670767
1 0.9223028381305489
1 0.9795825163139097
1 0.9257771618670766
1 0.9223028381305491
1 0.9795825163139097
1 0.9257771618670766
1 0.9223028381305491
1 0.9795825163139097
1 0.9257771618670766
1 0.9223028381305491
2 0.9795825163139097
2 0.9257771618670766
2 0.9223028381305491
2 0.9795825163139097
2 0.9257771618670766
2 0.9223028381305491
2 0.9795825163139097
2 0.9257771618670766
2 0.9223028381305491
2 0.9795825163139097
2 0.9257771618670766
2 0.9223028381305491
2 0.9795825163139097
2 0.9257771618670766
3 0.9223028381305491
3 0.9795825163139097
3 0.9257771618670766
3 0.9223028381305491
3 0.9795825163139097
3 0.9257771618670766
3 0.9223028381305491
3 0.9795825163139097
3 0.9257771618670766
3 0.9223028381305491
3 0.9795825163139097
3 0.9257771618670766
3 0.9223028381305491
3 0.9795825163139097
4 0.9257771618670766
4 0.9223028381305491
4 0.9795825163139097
4 0.9257771618670766
4 0.9223028381305491
4 0.9795825163139097
4 0.9257771618670766
4 0.9223028381305491
4 0.9795825163139097
4 0.9257771618670766
4 0.9223028381305491
4 0.9795825163139097
4 0.9257771618670766
4 0.9223028381305491
5 0.9795825163139097
5 0.9257771618670766
5 0.9223028381305491
5 0.9795825163139097
5 0.9257771618670766
5 0.9223028381305491
5 0.9795825163139097
5 0.9257771618670766
5 0.9223028381305491
5 0.9795825163139097
5 0.9257771618670766
5 0.9223028381305491
5 0.9795825163139097
5 0.9257771618670766
6 0.9223028381305491
6 0.9795825163139097
6 0.9257771618670766
6 0.9223028381305491
6 0.9795825163139097
6 0.9257771618670766
6 0.9223028381305491
6 0.9795825163139097
6 0.9257771618670766
6 0.9223028381305491
6 0.9795825163139097
6 0.9257771618670766
6 0.9223028381305491
6 0.9795825163139097
7 0.9257771618670766
7 0.9223028381305491
7 0.9795825163139097
7 0.9257771618670766
7 0.9223028381305491
7 0.9795825163139097
7 0.9257771618670766
7 0.9223028381305491
7 0.9795825163139097
7 0.9257771618670766
7 0.9223028381305491
7 0.9795825163139097
7 0.9257771618670766
7 0.9223028381305491
8 0.9795825163139097
8 0.9257771618670766
8 0.9223028381305491
8 0.9795825163139097
8 0.9257771618670766
8 0.9223028381305491
8 0.9795825163139097
8 0.9257771618670766
8 0.9223028381305491
8 0.9795825163139097
8 0.9257771618670766
8 0.9223028381305491
8 0.9795825163139097
8 0.9257771618670766
9 0.9223028381305491
9 0.9795825163139097
9 0.9257771618670766
9 0.9223028381305491
9 0.9795825163139097
9 0.9257771618670766
9 0.9223028381305491
9 0.9795825163139097
9 0.9257771618670766
9 0.9223028381305491
9 0.9795825163139097
9 0.9257771618670766
9 0.9223028381305491
9 0.9795825163139097
10 0.9257771618670766
10 0.9223028381305491
10 0.9795825163139097
10 0.9257771618670766
10 0.9223028381305491
10 0.9795825163139097
10 0.9257771618670766
10 0.9223028381305491
10 0.9795825163139097
10 0.9257771618670766
10 0.9223028381305491
10 0.9795825163139097
10 0.9257771618670766
10 0.9223028381305491
11 0.9795825163139097
11 0.9257771618670766
11 0.9223028381305491
11 0.9795825163139097
11 0.9257771618670766
11 0.9223028381305491
11 0.9795825163139097
11 0.9257771618670766
11 0.9223028381305491
11 0.9795825163139097
11 0.9257771618670766
11 0.9223028381305491
11 0.9795825163139097
11 0.9257771618670766
12 0.9223028381305491
12 0.9795825163139097
12 0.9257771618670766
12 0.9223028381305491
12 0.9795825163139097
12 0.9257771618670766
12 0.9223028381305491
12 0.9795825163139097
12 0.9257771618670766
12 0.9223028381305491
12 0.9795825163139097
12 0.9257771618670766
12 0.9223028381305491
12 0.9795825163139097
13 0.9257771618670766
13 0.9223028381305491
13 0.9795825163139097
13 0.9257771618670766
13 0.9223028381305491
13 0.9795825163139097
13 0.9257771618670766
13 0.9223028381305491
13 0.9795825163139097
13 0.9257771618670766
13 0.9223028381305491
13 0.9795825163139097
13 0.9257771618670766
13 0.9223028381305491
14 0.9795825163139097
14 0.9257771618670766
14 0.9223028381305491
14 0.9795825163139097
14 0.9257771618670766
14 0.9223028381305491
14 0.9795825163139097
14 0.9257771618670766
14 0.9223028381305491
14 0.9795825163139097
14 0.9257771618670766
14 0.9223028381305491
14 0.9795825163139097
14 0.9257771618670766
15 0.9223028381305491
15 0.9795825163139097
15 0.9257771618670766
15 0.9223028381305491
15 0.9795825163139097
15 0.9257771618670766
15 0.9223028381305491
15 0.9795825163139097
15 0.9257771618670766
15 0.9223028381305491
15 0.9795825163139097
15 0.9257771618670766
15 0.9223028381305491
15 0.9795825163139097
16 0.9257771618670766
16 0.9223028381305491
16 0.9795825163139097
16 0.9257771618670766
16 0.9223028381305491
16 0.9795825163139097
16 0.9257771618670766
16 0.9223028381305491
16 0.9795825163139097
16 0.9257771618670766
16 0.9223028381305491
16 0.9795825163139097
16 0.9257771618670766
16 0.9223028381305491
17 0.9795825163139097
17 0.9257771618670766
17 0.9223028381305491
17 0.9795825163139097
17 0.9257771618670766
17 0.9223028381305491
17 0.9795825163139097
17 0.9257771618670766
17 0.9223028381305491
17 0.9795825163139097
17 0.9257771618670766
17 0.9223028381305491
17 0.9795825163139097
17 0.9257771618670766
18 0.9223028381305491
18 0.9795825163139097
18 0.9257771618670766
18 0.9223028381305491
18 0.9795825163139097
18 0.9257771618670766
18 0.9223028381305491
18 0.9795825163139097
18 0.9257771618670766
18 0.9223028381305491
18 0.9795825163139097
18 0.9257771618670766
18 0.9223028381305491
18 0.9795825163139097
19 0.9257771618670766
19 0.9223028381305491
19 0.9795825163139097
19 0.9257771618670766
19 0.9223028381305491
19 0.9795825163139097
19 0.9257771618670766
19 0.9223028381305491
19 0.9795825163139097
19 0.9257771618670766
19 0.9223028381305491
19 0.9795825163139097
19 0.9257771618670766
19 0.9223028381305491
20 0.9795825163139097
20 0.9257771618670766
20 0.9223028381305491
20 0.9795825163139097
20 0.9257771618670766
20 0.9223028381305491
20 0.9795825163139097
20 0.9257771618670766
20 0.9223028381305491
20 0.9795825163139097
20 0.9257771618670766
20 0.9223028381305491
20 0.9795825163139097
20 0.9257771618670766
21 0.9223028381305491
21 0.9795825163139097
21 0.9257771618670766
21 0.9223028381305491
21 0.9795825163139097
21 0.9257771618670766
21 0.9223028381305491
21 0.9795825163139097
21 0.9257771618670766
21 0.9223028381305491
21 0.9795825163139097
21 0.9257771618670766
21 0.9223028381305491
21 0.9795825163139097
22 0.9257771618670766
22 0.9223028381305491
22 0.9795825163139097
22 0.9257771618670766
22 0.9223028381305491
22 0.9795825163139097
22 0.9257771618670766
22 0.9223028381305491
22 0.9795825163139097
22 0.9257771618670766
22 0.9223028381305491
22 0.9795825163139097
22 0.9257771618670766
22 0.9223028381305491
23 0.9795825163139097
23 0.9257771618670766
23 0.9223028381305491
23 0.9795825163139097
23 0.9257771618670766
23 0.9223028381305491
23 0.9795825163139097
23 0.9257771618670766
23 0.9223028381305491
23 0.9795825163139097
23 0.9257771618670766
23 0.9223028381305491
23 0.9795825163139097
23 0.9257771618670766
24 0.9223028381305491
24 0.9795825163139097
24 0.9257771618670766
24 0.9223028381305491
24 0.9795825163139097
24 0.9257771618670766
24 0.9223028381305491
24 0.9795825163139097
24 0.9257771618670766
24 0.9223028381305491
24 0.9795825163139097
24 0.9257771618670766
24 0.9223028381305491
24 0.9795825163139097
25 0.9257771618670766
25 0.9223028381305491
25 0.9795825163139097
25 0.9257771618670766
25 0.9223028381305491
25 0.9795825163139097
25 0.9257771618670766
25 0.9223028381305491
25 0.9795825163139097
25 0.9257771618670766
25 0.9223028381305491
25 0.9795825163139097
25 0.9257771618670766
25 0.9223028381305491
26 0.9795825163139097
26 0.9257771618670766
26 0.9223028381305491
26 0.9795825163139097
26 0.9257771618670766
26 0.9223028381305491
26 0.9795825163139097
26 0.9257771618670766
26 0.9223028381305491
26 0.9795825163139097
26 0.9257771618670766
26 0.9223028381305491
26 0.9795825163139097
26 0.9257771618670766
27 0.9223028381305491
27 0.9795825163139097
27 0.9257771618670766
27 0.9223028381305491
27 0.9795825163139097
27 0.9257771618670766
27 0.9223028381305491
27 0.9795825163139097
27 0.9257771618670766
27 0.9223028381305491
27 0.9795825163139097
27 0.9257771618670766
27 0.9223028381305491
27 0.9795825163139097
28 0.9257771618670766
28 0.9223028381305491
28 0.9795825163139097
28 0.9257771618670766
28 0.9223028381305491
28 0.9795825163139097
28 0.9257771618670766
28 0.9223028381305491
28 0.9795825163139097
28 0.9257771618670766
28 0.9223028381305491
28 0.9795825163139097
28 0.9257771618670766
28 0.9223028381305491
29 0.9795825163139097
29 0.9257771618670766
29 0.9223028381305491
29 0.9795825163139097
29 0.9257771618670766
29 0.9223028381305491
29 0.9795825163139097
29 0.9257771618670766
29 0.9223028381305491
29 0.9795825163139097
29 0.9257771618670766
29 0.9223028381305491
29 0.9795825163139097
29 0.9257771618670766
30 0.9223028381305491
30 0.9795825163139097
30 0.9257771618670766
30 0.9223028381305491
30 0.9795825163139097
30 0.9257771618670766
30 0.9223028381305491
30 0.9795825163139097
30 0.9257771618670766
30 0.9223028381305491
30 0.9795825163139097
30 0.9257771618670766
30 0.9223028381305491
30 0.9795825163139097
31 0.9257771618670766
31 0.9223028381305491
31 0.9795825163139097
31 0.9257771618670766
31 0.9223028381305491
31 0.9795825163139097
31 0.9257771618670766
31 0.9223028381305491
31 0.9795825163139097
31 0.9257771618670766
31 0.9223028381305491
31 0.9795825163139097
31 0.9257771618670766
31 0.9223028381305491
32 0.9795825163139097
32 0.9257771618670766
32 0.9223028381305491
32 0.9795825163139097
32 0.9257771618670766
32 0.9223028381305491
32 0.9795825163139097
32 0.9257771618670766
32 0.9223028381305491
32 0.9795825163139097
32 0.9257771618670766
32 0.9223028381305491
32 0.9795825163139097
32 0.9257771618670766
33 0.9223028381305491
33 0.9795825163139097
33 0.9257771618670766
33 0.9223028381305491
33 0.9795825163139097
33 0.9257771618670766
33 0.9223028381305491
33 0.9795825163139097
33 0.9257771618670766
33 0.9223028381305491
33 0.9795825163139097
33 0.9257771618670766
33 0.9223028381305491
33 0.9795825163139097
34 0.9257771618670766
34 0.9223028381305491
34 0.9795825163139097
34 0.9257771618670766
34 0.9223028381305491
34 0.9795825163139097
34 0.9257771618670766
34 0.9223028381305491
34 0.9795825163139097
34 0.9257771618670766
34 0.9223028381305491
34 0.9795825163139097
34 0.9257771618670766
34 0.9223028381305491
35 0.9795825163139097
35 0.9257771618670766
35 0.9223028381305491
35 0.9795825163139097
35 0.9257771618670766
35 0.9223028381305491
35 0.9795825163139097
35 0.9257771618670766
35 0.9223028381305491
35 0.9795825163139097
35 0.9257771618670766
35 0.9223028381305491
35 0.9795825163139097
35 0.9257771618670766
36 0.9223028381305491
36 0.9795825163139097
36 0.9257771618670766
36 0.9223028381305491
36 0.9795825163139097
36 0.9257771618670766
36 0.9223028381305491
36 0.9795825163139097
36 0.9257771618670766
36 0.9223028381305491
36 0.9795825163139097
36 0.9257771618670766
36 0.9223028381305491
36 0.9795825163139097
37 0.9257771618670766
37 0.9223028381305491
37 0.9795825163139097
37 0.9257771618670766
37 0.9223028381305491
37 0.9795825163139097
37 0.9257771618670766
37 0.9223028381305491
37 0.9795825163139097
37 0.9257771618670766
37 0.9223028381305491
37 0.9795825163139097
37 0.9257771618670766
37 0.9223028381305491
38 0.9795825163139097
38 0.9257771618670766
38 0.9223028381305491
38 0.9795825163139097
38 0.9257771618670766
38 0.9223028381305491
38 0.9795825163139097
38 0.9257771618670766
38 0.9223028381305491
38 0.9795825163139097
38 0.9257771618670766
38 0.9223028381305491
38 0.9795825163139097
38 0.9257771618670766
39 0.9223028381305491
39 0.9795825163139097
39 0.9257771618670766
39 0.9223028381305491
39 0.9795825163139097
39 0.9257771618670766
39 0.9223028381305491
39 0.9795825163139097
39 0.9257771618670766
39 0.9223028381305491
39 0.9795825163139097
39 0.9257771618670766
39 0.9223028381305491
39 0.9795825163139097
40 0.9257771618670766
40 0.9223028381305491
40 0.9795825163139097
40 0.9257771618670766
40 0.9223028381305491
40 0.9795825163139097
40 0.9257771618670766
40 0.9223028381305491
40 0.9795825163139097
40 0.9257771618670766
40 0.9223028381305491
40 0.9795825163139097
40 0.9257771618670766
40 0.9223028381305491
41 0.9795825163139097
41 0.9257771618670766
41 0.9223028381305491
41 0.9795825163139097
41 0.9257771618670766
41 0.9223028381305491
41 0.9795825163139097
41 0.9257771618670766
41 0.9223028381305491
41 0.9795825163139097
41 0.9257771618670766
41 0.9223028381305491
41 0.9795825163139097
41 0.9257771618670766
42 0.9223028381305491
42 0.9795825163139097
42 0.9257771618670766
42 0.9223028381305491
42 0.9795825163139097
42 0.9257771618670766
42 0.9223028381305491
42 0.9795825163139097
42 0.9257771618670766
42 0.9223028381305491
42 0.9795825163139097
42 0.9257771618670766
42 0.9223028381305491
42 0.9795825163139097
43 0.9257771618670766
43 0.9223028381305491
43 0.9795825163139097
43 0.9257771618670766
43 0.9223028381305491
43 0.9795825163139097
43 0.9257771618670766
43 0.9223028381305491
43 0.9795825163139097
43 0.9257771618670766
43 0.9223028381305491
43 0.9795825163139097
43 0.9257771618670766
43 0.9223028381305491
44 0.9795825163139097
44 0.9257771618670766
44 0.9223028381305491
44 0.9795825163139097
44 0.9257771618670766
44 0.9223028381305491
44 0.9795825163139097
44 0.9257771618670766
44 0.9223028381305491
44 0.9795825163139097
44 0.9257771618670766
44 0.9223028381305491
44 0.9795825163139097
44 0.9257771618670766
45 0.9223028381305491
45 0.9795825163139097
45 0.9257771618670766
45 0.9223028381305491
45 0.9795825163139097
45 0.9257771618670766
45 0.9223028381305491
45 0.9795825163139097
45 0.9257771618670766
45 0.9223028381305491
45 0.9795825163139097
45 0.9257771618670766
45 0.9223028381305491
45 0.9795825163139097
46 0.9257771618670766
46 0.9223028381305491
46 0.9795825163139097
46 0.9257771618670766
46 0.9223028381305491
46 0.9795825163139097
46 0.9257771618670766
46 0.9223028381305491
46 0.9795825163139097
46 0.9257771618670766
46 0.9223028381305491
46 0.9795825163139097
46 0.9257771618670766
46 0.9223028381305491
47 0.9795825163139097
47 0.9257771618670766
47 0.9223028381305491
47 0.9795825163139097
47 0.9257771618670766
47 0.9223028381305491
47 0.9795825163139097
47 0.9257771618670766
47 0.9223028381305491
47 0.9795825163139097
47 0.9257771618670766
47 0.9223028381305491
47 0.9795825163139097
47 0.9257771618670766
48 0.9223028381305491
48 0.9795825163139097
48 0.9257771618670766
48 0.9223028381305491
48 0.9795825163139097
48 0.9257771618670766
48 0.9223028381305491
48 0.9795825163139097
48 0.9257771618670766
48 0.9223028381305491
48 0.9795825163139097
48 0.9257771618670766
48 0.9223028381305491
48 0.9795825163139097
49 0.9257771618670766
49 0.9223028381305491
49 0.9795825163139097
49 0.9257771618670766
49 0.9223028381305491
49 0.9795825163139097
49 0.9257771618670766
49 0.9223028381305491
49 0.9795825163139097
49 0.9257771618670766
49 0.9223028381305491
49 0.9795825163139097
49 0.9257771618670766
49 0.9223028381305491
50 0.9795825163139097
50 0.9257771618670766
50 0.9223028381305491
50 0.9795825163139097
50 0.9257771618670766
50 0.9223028381305491
50 0.9795825163139097
50 0.9257771618670766
50 0.9223028381305491
50 0.9795825163139097
50 0.9257771618670766
50 0.9223028381305491
50 0.9795825163139097
50 0.9257771618670766
51 0.9223028381305491
51 0.9795825163139097
51 0.9257771618670766
51 0.9223028381305491
51 0.9795825163139097
51 0.9257771618670766
51 0.9223028381305491
51 0.9795825163139097
51 0.9257771618670766
51 0.9223028381305491
51 0.9795825163139097
51 0.9257771618670766
51 0.9223028381305491
51 0.9795825163139097
52 0.9257771618670766
52 0.9223028381305491
52 0.9795825163139097
52 0.9257771618670766
52 0.9223028381305491
52 0.9795825163139097
52 0.9257771618670766
52 0.9223028381305491
52 0.9795825163139097
52 0.9257771618670766
52 0.9223028381305491
52 0.9795825163139097
52 0.9257771618670766
52 0.9223028381305491
53 0.9795825163139097
53 0.9257771618670766
53 0.9223028381305491
53 0.9795825163139097
53 0.9257771618670766
53 0.9223028381305491
53 0.9795825163139097
53 0.9257771618670766
53 0.9223028381305491
53 0.9795825163139097
53 0.9257771618670766
53 0.9223028381305491
53 0.9795825163139097
53 0.9257771618670766
54 0.9223028381305491
54 0.9795825163139097
54 0.9257771618670766
54 0.9223028381305491
54 0.9795825163139097
54 0.9257771618670766
54 0.9223028381305491
54 0.9795825163139097
54 0.9257771618670766
54 0.9223028381305491
54 0.9795825163139097
54 0.9257771618670766
54 0.9223028381305491
54 0.9795825163139097
55 0.9257771618670766
55 0.9223028381305491
55 0.9795825163139097
55 0.9257771618670766
55 0.9223028381305491
55 0.9795825163139097
55 0.9257771618670766
55 0.9223028381305491
55 0.9795825163139097
55 0.9257771618670766
55 0.9223028381305491
55 0.9795825163139097
55 0.9257771618670766
55 0.9223028381305491
56 0.9795825163139097
56 0.9257771618670766
56 0.9223028381305491
56 0.9795825163139097
56 0.9257771618670766
56 0.9223028381305491
56 0.9795825163139097
56 0.9257771618670766
56 0.9223028381305491
56 0.9795825163139097
56 0.9257771618670766
56 0.9223028381305491
56 0.9795825163139097
56 0.9257771618670766
57 0.9223028381305491
57 0.9795825163139097
57 0.9257771618670766
57 0.9223028381305491
57 0.9795825163139097
57 0.9257771618670766
57 0.9223028381305491
57 0.9795825163139097
57 0.9257771618670766
57 0.9223028381305491
57 0.9795825163139097
57 0.9257771618670766
57 0.9223028381305491
57 0.9795825163139097
58 0.9257771618670766
58 0.9223028381305491
58 0.9795825163139097
58 0.9257771618670766
58 0.9223028381305491
58 0.9795825163139097
58 0.9257771618670766
58 0.9223028381305491
58 0.9795825163139097
58 0.9257771618670766
58 0.9223028381305491
58 0.9795825163139097
58 0.9257771618670766
58 0.9223028381305491
59 0.9795825163139097
59 0.9257771618670766
59 0.9223028381305491
59 0.9795825163139097
59 0.9257771618670766
59 0.9223028381305491
59 0.9795825163139097
59 0.9257771618670766
59 0.9223028381305491
59 0.9795825163139097
59 0.9257771618670766
59 0.9223028381305491
59 0.9795825163139097
59 0.9257771618670766
60 0.9223028381305491
60 0.9795825163139097
60 0.9257771618670766
60 0.9223028381305491
60 0.9795825163139097
60 0.9257771618670766
60 0.9223028381305491
60 0.9795825163139097
60 0.9257771618670766
60 0.9223028381305491
60 0.9795825163139097
60 0.9257771618670766
60 0.9223028381305491
60 0.9795825163139097
61 0.9257771618670766
61 0.9223028381305491
61 0.9795825163139097
61 0.9257771618670766
61 0.9223028381305491
61 0.9795825163139097
61 0.9257771618670766
61 0.9223028381305491
61 0.9795825163139097
61 0.9257771618670766
61 0.9223028381305491
61 0.9795825163139097
61 0.9257771618670766
61 0.9223028381305491
62 0.9795825163139097
62 0.9257771618670766
62 0.9223028381305491
62 0.9795825163139097
62 0.9257771618670766
62 0.9223028381305491
62 0.9795825163139097
62 0.9257771618670766
62 0.9223028381305491
62 0.9795825163139097
62 0.9257771618670766
62 0.9223028381305491
62 0.9795825163139097
62 0.9257771618670766
63 0.9223028381305491
63 0.9795825163139097
63 0.9257771618670766
63 0.9223028381305491
63 0.9795825163139097
63 0.9257771618670766
63 0.9223028381305491
63 0.9795825163139097
63 0.9257771618670766
63 0.9223028381305491
63 0.9795825163139097
63 0.9257771618670766
63 0.9223028381305491
63 0.9795825163139097
64 0.9257771618670766
64 0.9223028381305491
64 0.9795825163139097
64 0.9257771618670766
64 0.9223028381305491
64 0.9795825163139097
64 0.9257771618670766
64 0.9223028381305491
64 0.9795825163139097
64 0.9257771618670766
64 0.9223028381305491
64 0.9795825163139097
64 0.9257771618670766
64 0.9223028381305491
65 0.9795825163139097
65 0.9257771618670766
65 0.9223028381305491
65 0.9795825163139097
65 0.9257771618670766
65 0.9223028381305491
65 0.9795825163139097
65 0.9257771618670766
65 0.9223028381305491
65 0.9795825163139097
65 0.9257771618670766
65 0.9223028381305491
65 0.9795825163139097
65 0.9257771618670766
66 0.9223028381305491
66 0.9795825163139097
66 0.9257771618670766
66 0.9223028381305491
66 0.9795825163139097
66 0.9257771618670766
66 0.9223028381305491
66 0.9795825163139097
66 0.9257771618670766
66 0.9223028381305491
66 0.9795825163139097
66 0.9257771618670766
66 0.9223028381305491
66 0.9795825163139097
67 0.9257771618670766
67 0.9223028381305491
67 0.9795825163139097
67 0.9257771618670766
67 0.9223028381305491
67 0.9795825163139097
67 0.9257771618670766
67 0.9223028381305491
67 0.9795825163139097
67 0.9257771618670766
67 0.9223028381305491
67 0.9795825163139097
67 0.9257771618670766
67 0.9223028381305491
68 0.9795825163139097
68 0.9257771618670766
68 0.9223028381305491
68 0.9795825163139097
68 0.9257771618670766
68 0.9223028381305491
68 0.9795825163139097
68 0.9257771618670766
68 0.9223028381305491
68 0.9795825163139097
68 0.9257771618670766
68 0.9223028381305491
68 0.9795825163139097
68 0.9257771618670766
69 0.9223028381305491
69 0.9795825163139097
69 0.9257771618670766
69 0.9223028381305491
69 0.9795825163139097
69 0.9257771618670766
69 0.9223028381305491
69 0.9795825163139097
69 0.9257771618670766
69 0.9223028381305491
69 0.9795825163139097
69 0.9257771618670766
69 0.9223028381305491
69 0.9795825163139097
70 0.9257771618670766
70 0.9223028381305491
70 0.9795825163139097
70 0.9257771618670766
70 0.9223028381305491
70 0.9795825163139097
70 0.9257771618670766
70 0.9223028381305491
70 0.9795825163139097
70 0.9257771618670766
70 0.9223028381305491
70 0.9795825163139097
70 0.9257771618670766
70 0.9223028381305491
71 0.9795825163139097
71 0.9257771618670766
71 0.9223028381305491
71 0.9795825163139097
71 0.9257771618670766
71 0.9223028381305491
71 0.9795825163139097
71 0.9257771618670766
71 0.9223028381305491
71 0.9795825163139097
71 0.9257771618670766
71 0.9223028381305491
71 0.9795825163139097
71 0.9257771618670766
72 0.9223028381305491
72 0.9795825163139097
72 0.9257771618670766
72 0.9223028381305491
72 0.9795825163139097
72 0.9257771618670766
72 0.9223028381305491
72 0.9795825163139097
72 0.9257771618670766
72 0.9223028381305491
72 0.9795825163139097
72 0.9257771618670766
72 0.9223028381305491
72 0.9795825163139097
73 0.9257771618670766
73 0.9223028381305491
73 0.9795825163139097
73 0.9257771618670766
73 0.9223028381305491
73 0.9795825163139097
73 0.9257771618670766
73 0.9223028381305491
73 0.9795825163139097
73 0.9257771618670766
73 0.9223028381305491
73 0.9795825163139097
73 0.9257771618670766
73 0.9223028381305491
74 0.9795825163139097
74 0.9257771618670766
74 0.9223028381305491
74 0.9795825163139097
74 0.9257771618670766
74 0.9223028381305491
74 0.9795825163139097
74 0.9257771618670766
74 0.9223028381305491
74 0.9795825163139097
74 0.9257771618670766
74 0.9223028381305491
74 0.9795825163139097
74 0.9257771618670766
75 0.9223028381305491
75 0.9795825163139097
75 0.9257771618670766
75 0.9223028381305491
75 0.9795825163139097
75 0.9257771618670766
75 0.9223028381305491
75 0.9795825163139097
75 0.9257771618670766
75 0.9223028381305491
75 0.9795825163139097
75 0.9257771618670766
75 0.9223028381305491
75 0.9795825163139097
76 0.9257771618670766
76 0.9223028381305491
76 0.9795825163139097
76 0.9257771618670766
76 0.9223028381305491
76 0.9795825163139097
76 0.9257771618670766
76 0.9223028381305491
76 0.9795825163139097
76 0.9257771618670766
76 0.9223028381305491
76 0.9795825163139097
76 0.9257771618670766
76 0.9223028381305491
77 0.9795825163139097
77 0.9257771618670766
77 0.9223028381305491
77 0.9795825163139097
77 0.9257771618670766
77 0.9223028381305491
77 0.9795825163139097
77 0.9257771618670766
77 0.9223028381305491
77 0.9795825163139097
77 0.9257771618670766
77 0.9223028381305491
77 0.9795825163139097
77 0.9257771618670766
78 0.9223028381305491
78 0.9795825163139097
78 0.9257771618670766
78 0.9223028381305491
78 0.9795825163139097
78 0.9257771618670766
78 0.9223028381305491
78 0.9795825163139097
78 0.9257771618670766
78 0.9223028381305491
78 0.9795825163139097
78 0.9257771618670766
78 0.9223028381305491
78 0.9795825163139097
79 0.9257771618670766
79 0.9223028381305491
79 0.9795825163139097
79 0.9257771618670766
79 0.9223028381305491
79 0.9795825163139097
79 0.9257771618670766
79 0.9223028381305491
79 0.9795825163139097
79 0.9257771618670766
79 0.9223028381305491
79 0.9795825163139097
79 0.9257771618670766
79 0.9223028381305491
80 0.9795825163139097
80 0.9257771618670766
80 0.9223028381305491
80 0.9795825163139097
80 0.9257771618670766
80 0.9223028381305491
80 0.9795825163139097
80 0.9257771618670766
80 0.9223028381305491
80 0.9795825163139097
80 0.9257771618670766
80 0.9223028381305491
80 0.9795825163139097
80 0.9257771618670766
81 0.9223028381305491
81 0.9795825163139097
81 0.9257771618670766
81 0.9223028381305491
81 0.9795825163139097
81 0.9257771618670766
81 0.9223028381305491
81 0.9795825163139097
81 0.9257771618670766
81 0.9223028381305491
81 0.9795825163139097
81 0.9257771618670766
81 0.9223028381305491
81 0.9795825163139097
82 0.9257771618670766
82 0.9223028381305491
82 0.9795825163139097
82 0.9257771618670766
82 0.9223028381305491
82 0.9795825163139097
82 0.9257771618670766
82 0.9223028381305491
82 0.9795825163139097
82 0.9257771618670766
82 0.9223028381305491
82 0.9795825163139097
82 0.9257771618670766
82 0.9223028381305491
83 0.9795825163139097
83 0.9257771618670766
83 0.9223028381305491
83 0.9795825163139097
83 0.9257771618670766
83 0.9223028381305491
83 0.9795825163139097
83 0.9257771618670766
83 0.9223028381305491
83 0.9795825163139097
83 0.9257771618670766
83 0.9223028381305491
83 0.9795825163139097
83 0.9257771618670766
84 0.9223028381305491
84 0.9795825163139097
84 0.9257771618670766
84 0.9223028381305491
84 0.9795825163139097
84 0.9257771618670766
84 0.9223028381305491
84 0.9795825163139097
84 0.9257771618670766
84 0.9223028381305491
84 0.9795825163139097
84 0.9257771618670766
84 0.9223028381305491
84 0.9795825163139097
85 0.9257771618670766
85 0.9223028381305491
85 0.9795825163139097
85 0.9257771618670766
85 0.9223028381305491
85 0.9795825163139097
85 0.9257771618670766
85 0.9223028381305491
85 0.9795825163139097
85 0.9257771618670766
85 0.9223028381305491
85 0.9795825163139097
85 0.9257771618670766
85 0.9223028381305491
86 0.9795825163139097
86 0.9257771618670766
86 0.9223028381305491
86 0.9795825163139097
86 0.9257771618670766
86 0.9223028381305491
86 0.9795825163139097
86 0.9257771618670766
86 0.9223028381305491
86 0.9795825163139097
86 0.9257771618670766
86 0.9223028381305491
86 0.9795825163139097
86 0.9257771618670766
87 0.9223028381305491
87 0.9795825163139097
87 0.9257771618670766
87 0.9223028381305491
87 0.9795825163139097
87 0.9257771618670766
87 0.9223028381305491
87 0.9795825163139097
87 0.9257771618670766
87 0.9223028381305491
87 0.9795825163139097
87 0.9257771618670766
87 0.9223028381305491
87 0.9795825163139097
88 0.9257771618670766
88 0.9223028381305491
88 0.9795825163139097
88 0.9257771618670766
88 0.9223028381305491
88 0.9795825163139097
88 0.9257771618670766
88 0.9223028381305491
88 0.9795825163139097
88 0.9257771618670766
88 0.9223028381305491
88 0.9795825163139097
88 0.9257771618670766
88 0.9223028381305491
89 0.9795825163139097
89 0.9257771618670766
89 0.9223028381305491
89 0.9795825163139097
89 0.9257771618670766
89 0.9223028381305491
89 0.9795825163139097
89 0.9257771618670766
89 0.9223028381305491
89 0.9795825163139097
89 0.9257771618670766
89 0.9223028381305491
89 0.9795825163139097
89 0.9257771618670766
90 0.9223028381305491
90 0.9795825163139097
90 0.9257771618670766
90 0.9223028381305491
90 0.9795825163139097
90 0.9257771618670766
90 0.9223028381305491
90 0.9795825163139097
90 0.9257771618670766
90 0.9223028381305491
90 0.9795825163139097
90 0.9257771618670766
90 0.9223028381305491
90 0.9795825163139097
91 0.9257771618670766
91 0.9223028381305491
91 0.9795825163139097
91 0.9257771618670766
91 0.9223028381305491
91 0.9795825163139097
91 0.9257771618670766
91 0.9223028381305491
91 0.9795825163139097
91 0.9257771618670766
91 0.9223028381305491
91 0.9795825163139097
91 0.9257771618670766
91 0.9223028381305491
92 0.9795825163139097
92 0.9257771618670766
92 0.9223028381305491
92 0.9795825163139097
92 0.9257771618670766
92 0.9223028381305491
92 0.9795825163139097
92 0.9257771618670766
92 0.9223028381305491
92 0.9795825163139097
92 0.9257771618670766
92 0.9223028381305491
92 0.9795825163139097
92 0.9257771618670766
93 0.9223028381305491
93 0.9795825163139097
93 0.9257771618670766
93 0.9223028381305491
93 0.9795825163139097
93 0.9257771618670766
93 0.9223028381305491
93 0.9795825163139097
93 0.9257771618670766
93 0.9223028381305491
93 0.9795825163139097
93 0.9257771618670766
93 0.9223028381305491
93 0.9795825163139097
94 0.9257771618670766
94 0.9223028381305491
94 0.9795825163139097
94 0.9257771618670766
94 0.9223028381305491
94 0.9795825163139097
94 0.9257771618670766
94 0.9223028381305491
94 0.9795825163139097
94 0.9257771618670766
94 0.9223028381305491
94 0.9795825163139097
94 0.9257771618670766
94 0.9223028381305491
95 0.9795825163139097
95 0.9257771618670766
95 0.9223028381305491
95 0.9795825163139097
95 0.9257771618670766
95 0.9223028381305491
95 0.9795825163139097
95 0.9257771618670766
95 0.9223028381305491
95 0.9795825163139097
95 0.9257771618670766
95 0.9223028381305491
95 0.9795825163139097
95 0.9257771618670766
96 0.9223028381305491
96 0.9795825163139097
96 0.9257771618670766
96 0.9223028381305491
96 0.9795825163139097
96 0.9257771618670766
96 0.9223028381305491
96 0.9795825163139097
96 0.9257771618670766
96 0.9223028381305491
96 0.9795825163139097
96 0.9257771618670766
96 0.9223028381305491
96 0.9795825163139097
97 0.9257771618670766
97 0.9223028381305491
97 0.9795825163139097
97 0.9257771618670766
97 0.9223028381305491
97 0.9795825163139097
97 0.9257771618670766
97 0.9223028381305491
97 0.9795825163139097
97 0.9257771618670766
97 0.9223028381305491
97 0.9795825163139097
97 0.9257771618670766
97 0.9223028381305491
98 0.9795825163139097
98 0.9257771618670766
98 0.9223028381305491
98 0.9795825163139097
98 0.9257771618670766
98 0.9223028381305491
98 0.9795825163139097
98 0.9257771618670766
98 0.9223028381305491
98 0.9795825163139097
98 0.9257771618670766
98 0.9223028381305491
98 0.9795825163139097
98 0.9257771618670766
99 0.9223028381305491
99 0.9795825163139097
99 0.9257771618670766
99 0.9223028381305491
99 0.9795825163139097
99 0.9257771618670766
99 0.9223028381305491
99 0.9795825163139097
99 0.9257771618670766
99 0.9223028381305491
99 0.9795825163139097
99 0.9257771618670766
99 0.9223028381305491
99 0.9795825163139097
