0 0.04166666666666663
1 0.09999999999999998
2 0.054545454545454564
3 0.20833333333333337
4 0.1454545454545455
5 0.08181818181818179
6 0.08571428571428574
7 0.1071428571428571
8 0.0714285714285714
9 0.1384615384615384
10 0.29230769230769227
11 0.08571428571428574
12 0.06153846153846154
13 0.25384615384615383
14 0.07857142857142863
15 0.0714285714285714
16 0.06153846153846154
17 0.07692307692307687
18 0.26428571428571423
19 0.34285714285714286
20 0.08461538461538465
21 0.05714285714285716
22 0.09285714285714286
23 0.12857142857142856
24 0.11538461538461542
25 0.17142857142857137
26 0.25
27 0.10769230769230764
28 0.0714285714285714
29 0.07857142857142863
30 0.0692307692307692
31 0.1785714285714286
32 0.050000000000000044
33 0.09285714285714286
34 0.042857142857142816
35 0.05714285714285716
36 0.2384615384615385
37 0.06428571428571428
38 0.12857142857142856
39 0.0714285714285714
40 0.04166666666666663
41 0.1428571428571429
42 0.0692307692307692
43 0.07692307692307687
44 0.13571428571428568
45 0.07857142857142863
46 0.23571428571428577
47 0.17142857142857137
48 0.18461538461538463
49 0.08571428571428574
50 0.038461538461538436
51 0.0714285714285714
52 0.1071428571428571
53 0.09999999999999998
54 0.09166666666666667
55 0.09999999999999998
56 0.2384615384615385
57 0.0357142857142857
58 0.07857142857142863
59 0.02857142857142858
60 0.05384615384615388
61 0.09999999999999998
62 0.17142857142857137
63 0.09230769230769231
64 0.12142857142857144
65 0.07499999999999996
66 0.1785714285714286
67 0.19999999999999996
68 0.09230769230769231
69 0.038461538461538436
70 0.042857142857142816
71 0.1071428571428571
72 0.1333333333333333
73 0.09285714285714286
74 0.07857142857142863
75 0.1071428571428571
76 0.0714285714285714
77 0.09999999999999998
78 0.06428571428571428
79 0.06153846153846154
80 0.30000000000000004
81 0.22857142857142854
82 0.22857142857142854
83 0.0357142857142857
84 0.07857142857142863
85 0.05714285714285716
86 0.22857142857142854
87 0.0461538461538461
88 0.09285714285714286
89 0.10769230769230764
90 0.23076923076923073
91 0.0692307692307692
92 0.09999999999999998
93 0.07857142857142863
94 0.09166666666666667
95 0.09285714285714286
96 0.09999999999999998
97 0.08333333333333337
98 0.30000000000000004
99 0.05714285714285716
100 0.15000000000000002
101 0.16923076923076918
102 0.17142857142857137
103 0.08461538461538465
104 0.0714285714285714
105 0.07857142857142863
106 0.3285714285714286
107 0.04166666666666663
108 0.09999999999999998
109 0.05714285714285716
110 0.09999999999999998
111 0.15833333333333333
112 0.06428571428571428
113 0.09230769230769231
114 0.05833333333333335
115 0.1071428571428571
116 0.18571428571428572
117 0.1461538461538462
118 0.06428571428571428
119 0.0692307692307692
120 0.06428571428571428
121 0.06153846153846154
122 0.23571428571428577
123 0.1071428571428571
124 0.22142857142857142
125 0.22857142857142854
126 0.07857142857142863
127 0.2142857142857143
128 0.30000000000000004
129 0.0692307692307692
130 0.07857142857142863
131 0.27142857142857146
132 0.07857142857142863
133 0.2928571428571428
134 0.09999999999999998
135 0.22857142857142854
136 0.08461538461538465
137 0.08571428571428574
138 0.09999999999999998
139 0.08333333333333337
140 0.06153846153846154
141 0.23333333333333328
142 0.05384615384615388
143 0.13076923076923075
144 0.09999999999999998
145 0.04166666666666663
146 0.06666666666666665
147 0.08461538461538465
148 0.0714285714285714
149 0.08461538461538465
150 0.17142857142857137
151 0.13571428571428568
152 0.0692307692307692
153 0.13076923076923075
154 0.06428571428571428
155 0.0461538461538461
156 0.1785714285714286
157 0.25384615384615383
158 0.07499999999999996
159 0.15000000000000002
160 0.05714285714285716
161 0.09999999999999998
162 0.33571428571428574
163 0.08461538461538465
164 0.25384615384615383
165 0.09230769230769231
166 0.0714285714285714
167 0.050000000000000044
168 0.1071428571428571
169 0.038461538461538436
170 0.26428571428571423
171 0.09230769230769231
172 0.0692307692307692
173 0.1071428571428571
174 0.0714285714285714
175 0.1428571428571429
176 0.06428571428571428
177 0.09999999999999998
178 0.22307692307692306
179 0.3285714285714286
180 0.06153846153846154
181 0.18461538461538463
182 0.03076923076923077
183 0.06428571428571428
184 0.09285714285714286
185 0.2785714285714286
186 0.07857142857142863
187 0.12857142857142856
188 0.06153846153846154
189 0.08571428571428574
190 0.15384615384615385
191 0.21666666666666667
192 0.0714285714285714
193 0.09230769230769231
194 0.23333333333333328
195 0.3384615384615385
196 0.0714285714285714
197 0.0714285714285714
198 0.17142857142857137
199 0.0714285714285714
200 0.0714285714285714
201 0.3285714285714286
202 0.08461538461538465
203 0.10769230769230764
204 0.08571428571428574
205 0.20833333333333337
206 0.09999999999999998
207 0.15714285714285714
208 0.12857142857142856
209 0.050000000000000044
210 0.07857142857142863
211 0.1071428571428571
212 0.10769230769230764
213 0.05714285714285716
214 0.1428571428571429
215 0.1461538461538462
216 0.3153846153846154
217 0.0692307692307692
218 0.33571428571428574
219 0.275
220 0.0714285714285714
221 0.1923076923076923
222 0.15384615384615385
223 0.19999999999999996
224 0.08571428571428574
225 0.09285714285714286
226 0.09230769230769231
227 0.0714285714285714
228 0.07857142857142863
229 0.1785714285714286
230 0.06153846153846154
231 0.2153846153846154
232 0.24615384615384617
233 0.18571428571428572
234 0.09230769230769231
235 0.09999999999999998
236 0.12307692307692308
237 0.12857142857142856
238 0.3285714285714286
239 0.05714285714285716
240 0.050000000000000044
241 0.23571428571428577
242 0.07857142857142863
243 0.11538461538461542
244 0.0357142857142857
245 0.11428571428571432
246 0.27142857142857146
247 0.07692307692307687
248 0.3583333333333333
249 0.22857142857142854
250 0.05714285714285716
251 0.1785714285714286
252 0.09285714285714286
253 0.0714285714285714
254 0.0714285714285714
255 0.15000000000000002
256 0.09230769230769231
257 0.16923076923076918
258 0.06428571428571428
259 0.1071428571428571
260 0.07692307692307687
261 0.08333333333333337
262 0.0714285714285714
263 0.09285714285714286
264 0.2846153846153846
265 0.06666666666666665
266 0.08571428571428574
267 0.07857142857142863
268 0.27142857142857146
269 0.12857142857142856
270 0.07857142857142863
271 0.18571428571428572
272 0.12307692307692308
273 0.2785714285714286
274 0.30714285714285716
275 0.07857142857142863
276 0.30000000000000004
277 0.09999999999999998
278 0.3142857142857143
279 0.06428571428571428
280 0.11428571428571432
281 0.2785714285714286
282 0.33571428571428574
283 0.23571428571428577
284 0.08461538461538465
285 0.0714285714285714
286 0.06428571428571428
287 0.1384615384615384
288 0.15714285714285714
289 0.07692307692307687
290 0.25
291 0.07857142857142863
292 0.07857142857142863
293 0.06666666666666665
294 0.0714285714285714
295 0.19090909090909092
296 0.0461538461538461
297 0.15000000000000002
298 0.2846153846153846
299 0.09999999999999998
300 0.19285714285714284
301 0.07857142857142863
302 0.3642857142857143
303 0.29230769230769227
304 0.050000000000000044
305 0.20769230769230773
306 0.09999999999999998
307 0.12857142857142856
308 0.07857142857142863
309 0.12307692307692308
310 0.07692307692307687
311 0.24615384615384617
312 0.05384615384615388
313 0.07692307692307687
314 0.15384615384615385
315 0.1785714285714286
316 0.1785714285714286
317 0.13571428571428568
318 0.2384615384615385
319 0.050000000000000044
320 0.0714285714285714
321 0.22857142857142854
322 0.042857142857142816
323 0.042857142857142816
324 0.08571428571428574
325 0.30714285714285716
326 0.05714285714285716
327 0.050000000000000044
328 0.06153846153846154
329 0.07692307692307687
330 0.07857142857142863
331 0.08333333333333337
332 0.25
333 0.07857142857142863
334 0.09999999999999998
335 0.17692307692307696
336 0.15000000000000002
337 0.1071428571428571
338 0.08571428571428574
339 0.08461538461538465
340 0.1785714285714286
341 0.06428571428571428
342 0.0714285714285714
343 0.23076923076923073
344 0.06153846153846154
345 0.16428571428571426
346 0.15384615384615385
347 0.06428571428571428
348 0.15000000000000002
349 0.09999999999999998
350 0.0692307692307692
351 0.0461538461538461
352 0.24285714285714288
353 0.09285714285714286
354 0.05714285714285716
355 0.11428571428571432
356 0.10769230769230764
357 0.08571428571428574
358 0.09285714285714286
359 0.05714285714285716
360 0.05714285714285716
361 0.16153846153846152
362 0.13076923076923075
363 0.06153846153846154
364 0.11538461538461542
365 0.11428571428571432
366 0.13076923076923075
367 0.11538461538461542
368 0.17692307692307696
369 0.0692307692307692
370 0.09285714285714286
371 0.10769230769230764
372 0.27692307692307694
373 0.08571428571428574
374 0.08571428571428574
375 0.09285714285714286
376 0.2384615384615385
377 0.1428571428571429
378 0.18461538461538463
379 0.0714285714285714
380 0.05714285714285716
381 0.09999999999999998
382 0.22857142857142854
383 0.20769230769230773
384 0.0461538461538461
385 0.24285714285714288
386 0.11428571428571432
387 0.06428571428571428
388 0.17692307692307696
389 0.07857142857142863
390 0.09999999999999998
391 0.29230769230769227
392 0.09999999999999998
393 0.19285714285714284
394 0.17142857142857137
395 0.1785714285714286
396 0.15714285714285714
397 0.15000000000000002
398 0.0714285714285714
399 0.08571428571428574
400 0.0692307692307692
401 0.0461538461538461
402 0.26428571428571423
403 0.050000000000000044
404 0.042857142857142816
405 0.12307692307692308
406 0.20769230769230773
407 0.050000000000000044
408 0.08461538461538465
409 0.08461538461538465
410 0.0714285714285714
411 0.07857142857142863
412 0.09230769230769231
413 0.06153846153846154
414 0.17142857142857137
415 0.0692307692307692
416 0.15384615384615385
417 0.06428571428571428
418 0.09285714285714286
419 0.06428571428571428
420 0.06428571428571428
421 0.05384615384615388
422 0.12857142857142856
423 0.05714285714285716
424 0.11428571428571432
425 0.07857142857142863
426 0.12857142857142856
427 0.22142857142857142
428 0.09285714285714286
429 0.14166666666666672
430 0.375
431 0.06428571428571428
432 0.050000000000000044
433 0.15000000000000002
434 0.03076923076923077
435 0.08571428571428574
436 0.1071428571428571
437 0.07857142857142863
438 0.0714285714285714
439 0.09999999999999998
440 0.09230769230769231
441 0.07857142857142863
442 0.0692307692307692
443 0.14166666666666672
444 0.12857142857142856
445 0.050000000000000044
446 0.22857142857142854
447 0.2384615384615385
448 0.11428571428571432
449 0.06428571428571428
450 0.09230769230769231
451 0.06666666666666665
452 0.09230769230769231
453 0.0714285714285714
454 0.0461538461538461
455 0.19166666666666665
456 0.13571428571428568
457 0.08461538461538465
458 0.10769230769230764
459 0.3142857142857143
460 0.09285714285714286
461 0.09285714285714286
462 0.3214285714285714
463 0.13571428571428568
464 0.07857142857142863
465 0.08571428571428574
466 0.10769230769230764
467 0.06428571428571428
468 0.30000000000000004
469 0.1785714285714286
470 0.0714285714285714
471 0.09999999999999998
472 0.07692307692307687
473 0.15714285714285714
474 0.2928571428571428
475 0.07692307692307687
476 0.12307692307692308
477 0.32307692307692304
478 0.26428571428571423
479 0.1071428571428571
480 0.07857142857142863
481 0.16428571428571426
482 0.26428571428571423
483 0.17142857142857137
484 0.1071428571428571
485 0.16428571428571426
486 0.3615384615384616
487 0.19999999999999996
488 0.050000000000000044
489 0.05384615384615388
490 0.25384615384615383
491 0.08571428571428574
492 0.05714285714285716
493 0.09999999999999998
494 0.050000000000000044
495 0.0461538461538461
496 0.0714285714285714
497 0.16428571428571426
498 0.06428571428571428
499 0.050000000000000044
500 0.19999999999999996
501 0.10769230769230764
502 0.0692307692307692
503 0.19999999999999996
504 0.07857142857142863
505 0.05384615384615388
506 0.16153846153846152
507 0.05714285714285716
508 0.08571428571428574
509 0.07692307692307687
510 0.05714285714285716
511 0.06428571428571428
512 0.07692307692307687
513 0.050000000000000044
514 0.07857142857142863
515 0.16428571428571426
516 0.09999999999999998
517 0.08333333333333337
518 0.08571428571428574
519 0.0692307692307692
520 0.09999999999999998
521 0.15714285714285714
522 0.0714285714285714
523 0.1461538461538462
524 0.1384615384615384
525 0.2666666666666667
526 0.0692307692307692
527 0.23571428571428577
528 0.09230769230769231
529 0.0461538461538461
530 0.27692307692307694
531 0.09999999999999998
532 0.17142857142857137
533 0.1071428571428571
534 0.07857142857142863
535 0.08461538461538465
536 0.06153846153846154
537 0.05384615384615388
538 0.15833333333333333
539 0.0357142857142857
540 0.1071428571428571
541 0.12142857142857144
542 0.0692307692307692
543 0.08461538461538465
544 0.06428571428571428
545 0.18571428571428572
546 0.13571428571428568
547 0.20833333333333337
548 0.1428571428571429
549 0.07692307692307687
550 0.05384615384615388
551 0.11538461538461542
552 0.0714285714285714
553 0.08571428571428574
554 0.08571428571428574
555 0.09285714285714286
556 0.17692307692307696
557 0.1071428571428571
558 0.15714285714285714
559 0.0714285714285714
560 0.12307692307692308
561 0.09999999999999998
562 0.24285714285714288
563 0.050000000000000044
564 0.1461538461538462
565 0.16923076923076918
566 0.07692307692307687
567 0.08571428571428574
568 0.09999999999999998
569 0.08571428571428574
570 0.19999999999999996
571 0.1384615384615384
572 0.23571428571428577
573 0.07692307692307687
574 0.0714285714285714
575 0.19999999999999996
576 0.06428571428571428
577 0.2857142857142857
578 0.09999999999999998
579 0.1384615384615384
580 0.08571428571428574
581 0.2571428571428571
582 0.05714285714285716
583 0.0714285714285714
584 0.07857142857142863
585 0.2142857142857143
586 0.19999999999999996
587 0.30000000000000004
588 0.08461538461538465
589 0.09999999999999998
590 0.06153846153846154
591 0.09999999999999998
592 0.26428571428571423
593 0.17692307692307696
594 0.06153846153846154
595 0.15000000000000002
596 0.05384615384615388
597 0.27142857142857146
598 0.08571428571428574
599 0.05714285714285716
600 0.07499999999999996
601 0.06428571428571428
602 0.13571428571428568
603 0.042857142857142816
604 0.02857142857142858
605 0.1461538461538462
606 0.25
607 0.09285714285714286
608 0.06428571428571428
609 0.20714285714285718
610 0.16428571428571426
611 0.18571428571428572
612 0.08461538461538465
613 0.06428571428571428
614 0.09285714285714286
615 0.06428571428571428
616 0.050000000000000044
617 0.02857142857142858
618 0.050000000000000044
619 0.09999999999999998
620 0.07857142857142863
621 0.27142857142857146
622 0.0714285714285714
623 0.0714285714285714
624 0.09285714285714286
625 0.33571428571428574
626 0.2785714285714286
627 0.29230769230769227
628 0.1384615384615384
629 0.1785714285714286
630 0.30714285714285716
631 0.22142857142857142
632 0.26428571428571423
633 0.09999999999999998
634 0.2153846153846154
635 0.08571428571428574
636 0.22307692307692306
637 0.0692307692307692
638 0.24285714285714288
639 0.19999999999999996
640 0.0692307692307692
641 0.07499999999999996
642 0.15384615384615385
643 0.09230769230769231
644 0.042857142857142816
645 0.07499999999999996
646 0.19166666666666665
647 0.10769230769230764
648 0.09230769230769231
649 0.042857142857142816
650 0.3769230769230769
651 0.09999999999999998
652 0.1071428571428571
653 0.06153846153846154
654 0.05714285714285716
655 0.2785714285714286
656 0.18571428571428572
657 0.0461538461538461
658 0.08571428571428574
659 0.13076923076923075
660 0.3615384615384616
661 0.07857142857142863
662 0.0692307692307692
663 0.0714285714285714
664 0.12142857142857144
665 0.27142857142857146
666 0.050000000000000044
667 0.04166666666666663
668 0.05384615384615388
669 0.08571428571428574
670 0.2928571428571428
671 0.07857142857142863
672 0.25
673 0.25
674 0.08571428571428574
675 0.08571428571428574
676 0.20714285714285718
677 0.05384615384615388
678 0.34285714285714286
679 0.09285714285714286
680 0.2142857142857143
681 0.06428571428571428
682 0.11428571428571432
683 0.1461538461538462
684 0.20769230769230773
685 0.08571428571428574
686 0.24285714285714288
687 0.19999999999999996
688 0.09285714285714286
689 0.33571428571428574
690 0.2615384615384615
691 0.0357142857142857
692 0.0357142857142857
693 0.13076923076923075
694 0.07692307692307687
695 0.11428571428571432
696 0.16153846153846152
697 0.05714285714285716
698 0.09999999999999998
699 0.30000000000000004
700 0.06428571428571428
701 0.09230769230769231
702 0.3142857142857143
703 0.25
704 0.18461538461538463
705 0.07857142857142863
706 0.0714285714285714
707 0.09285714285714286
708 0.17692307692307696
709 0.07499999999999996
710 0.2384615384615385
711 0.07857142857142863
712 0.0692307692307692
713 0.08461538461538465
714 0.12857142857142856
715 0.17142857142857137
716 0.042857142857142816
717 0.05384615384615388
718 0.0692307692307692
719 0.06428571428571428
720 0.09230769230769231
721 0.26428571428571423
722 0.125
723 0.1071428571428571
724 0.34615384615384615
725 0.0692307692307692
726 0.20714285714285718
727 0.07857142857142863
728 0.06428571428571428
729 0.20769230769230773
730 0.12857142857142856
731 0.08571428571428574
732 0.27142857142857146
733 0.19285714285714284
734 0.0692307692307692
735 0.19285714285714284
736 0.3142857142857143
737 0.08461538461538465
738 0.050000000000000044
739 0.09230769230769231
740 0.09285714285714286
741 0.12857142857142856
742 0.050000000000000044
743 0.30714285714285716
744 0.23571428571428577
745 0.08571428571428574
746 0.0714285714285714
747 0.09999999999999998
748 0.11538461538461542
749 0.24285714285714288
750 0.08571428571428574
751 0.07857142857142863
752 0.2142857142857143
753 0.13076923076923075
754 0.2928571428571428
755 0.23076923076923073
756 0.09285714285714286
757 0.16428571428571426
758 0.0714285714285714
759 0.10769230769230764
760 0.27142857142857146
761 0.0692307692307692
762 0.11538461538461542
763 0.08571428571428574
764 0.05384615384615388
765 0.07857142857142863
766 0.18461538461538463
767 0.16923076923076918
768 0.07857142857142863
769 0.09999999999999998
770 0.11428571428571432
771 0.08461538461538465
772 0.0461538461538461
773 0.05714285714285716
774 0.22857142857142854
775 0.08571428571428574
776 0.2384615384615385
777 0.07857142857142863
778 0.22857142857142854
779 0.1785714285714286
780 0.06153846153846154
781 0.2571428571428571
782 0.07857142857142863
783 0.07857142857142863
784 0.18461538461538463
785 0.2142857142857143
786 0.07499999999999996
787 0.2692307692307693
788 0.25
789 0.06153846153846154
790 0.09166666666666667
791 0.20714285714285718
792 0.09285714285714286
793 0.13571428571428568
794 0.06428571428571428
795 0.15833333333333333
796 0.2571428571428571
797 0.08461538461538465
798 0.08571428571428574
799 0.16428571428571426
800 0.30714285714285716
801 0.06153846153846154
802 0.11538461538461542
803 0.1785714285714286
804 0.050000000000000044
805 0.0714285714285714
806 0.09230769230769231
807 0.06153846153846154
808 0.10769230769230764
809 0.26428571428571423
810 0.11428571428571432
811 0.07692307692307687
812 0.09999999999999998
813 0.08571428571428574
814 0.07857142857142863
815 0.07692307692307687
816 0.0461538461538461
817 0.2928571428571428
818 0.10769230769230764
819 0.22307692307692306
820 0.11428571428571432
821 0.3142857142857143
822 0.09285714285714286
823 0.06153846153846154
824 0.19285714285714284
825 0.06428571428571428
826 0.08461538461538465
827 0.3076923076923077
828 0.1923076923076923
829 0.17142857142857137
830 0.03076923076923077
831 0.07857142857142863
832 0.07499999999999996
833 0.23571428571428577
834 0.22857142857142854
835 0.08571428571428574
836 0.038461538461538436
837 0.08461538461538465
838 0.3285714285714286
839 0.34285714285714286
840 0.0461538461538461
841 0.08461538461538465
842 0.12142857142857144
843 0.1071428571428571
844 0.1428571428571429
845 0.04166666666666663
846 0.0714285714285714
847 0.0714285714285714
848 0.09285714285714286
849 0.16428571428571426
850 0.25384615384615383
851 0.29230769230769227
852 0.13076923076923075
853 0.0692307692307692
854 0.1071428571428571
855 0.06428571428571428
856 0.26428571428571423
857 0.05714285714285716
858 0.22142857142857142
859 0.0461538461538461
860 0.08461538461538465
861 0.07857142857142863
862 0.11428571428571432
863 0.2928571428571428
864 0.050000000000000044
865 0.06153846153846154
866 0.08461538461538465
867 0.19999999999999996
868 0.11428571428571432
869 0.07857142857142863
870 0.1461538461538462
871 0.15714285714285714
872 0.05714285714285716
873 0.07692307692307687
874 0.050000000000000044
875 0.06428571428571428
876 0.07857142857142863
877 0.09999999999999998
878 0.21666666666666667
879 0.08571428571428574
880 0.09999999999999998
881 0.038461538461538436
882 0.09999999999999998
883 0.1428571428571429
884 0.23636363636363633
885 0.08571428571428574
886 0.37142857142857144
887 0.06153846153846154
888 0.0714285714285714
889 0.0636363636363636
890 0.16666666666666663
891 0.13571428571428568
892 0.050000000000000044
893 0.09230769230769231
894 0.23571428571428577
895 0.07857142857142863
896 0.0714285714285714
897 0.20714285714285718
898 0.12307692307692308
899 0.17142857142857137
900 0.09285714285714286
901 0.09999999999999998
902 0.05384615384615388
903 0.10769230769230764
904 0.07857142857142863
905 0.07857142857142863
906 0.1071428571428571
907 0.09999999999999998
908 0.09999999999999998
909 0.09166666666666667
910 0.07857142857142863
911 0.33571428571428574
912 0.16153846153846152
913 0.0636363636363636
914 0.09999999999999998
915 0.0461538461538461
916 0.08461538461538465
917 0.0357142857142857
918 0.3928571428571429
919 0.045454545454545414
920 0.050000000000000044
921 0.08333333333333337
922 0.06153846153846154
923 0.25384615384615383
924 0.09285714285714286
925 0.09166666666666667
926 0.19285714285714284
927 0.07857142857142863
928 0.1923076923076923
929 0.15000000000000002
930 0.0714285714285714
931 0.07857142857142863
932 0.09999999999999998
933 0.08571428571428574
934 0.06666666666666665
935 0.09999999999999998
936 0.1071428571428571
937 0.08461538461538465
938 0.06153846153846154
939 0.08571428571428574
940 0.09166666666666667
941 0.09285714285714286
942 0.050000000000000044
943 0.08461538461538465
944 0.08571428571428574
945 0.09999999999999998
946 0.06428571428571428
947 0.1428571428571429
948 0.07857142857142863
949 0.11428571428571432
950 0.16428571428571426
951 0.12307692307692308
952 0.09999999999999998
953 0.0714285714285714
954 0.3142857142857143
955 0.13076923076923075
956 0.05384615384615388
957 0.3307692307692308
958 0.05833333333333335
959 0.12142857142857144
960 0.2142857142857143
961 0.08571428571428574
962 0.06428571428571428
963 0.33571428571428574
964 0.07857142857142863
965 0.0714285714285714
966 0.12307692307692308
967 0.06153846153846154
968 0.06428571428571428
969 0.0714285714285714
970 0.15000000000000002
971 0.0357142857142857
972 0.09999999999999998
973 0.16428571428571426
974 0.25
975 0.07692307692307687
976 0.050000000000000044
977 0.0461538461538461
978 0.08571428571428574
979 0.06428571428571428
980 0.09999999999999998
981 0.07857142857142863
982 0.18571428571428572
983 0.08571428571428574
984 0.038461538461538436
985 0.05384615384615388
986 0.15714285714285714
987 0.11428571428571432
988 0.09999999999999998
989 0.05384615384615388
990 0.22307692307692306
991 0.05714285714285716
992 0.3285714285714286
993 0.09999999999999998
994 0.19999999999999996
995 0.08571428571428574
996 0.15384615384615385
997 0.0714285714285714
998 0.18333333333333335
999 0.07692307692307687
