0 0.13636363636363635
0 0.09999999999999998
0 0.027272727272727226
0 0.008333333333333304
0 0.027272727272727226
0 0.018181818181818188
0 0.033333333333333326
0 0.033333333333333326
0 0.038461538461538436
0 0.038461538461538436
0 0.09090909090909094
0 0.033333333333333326
0 0.038461538461538436
0 0.023076923076923106
1 0.1384615384615384
1 0.027272727272727226
1 0.10909090909090913
1 0.025000000000000022
1 0.16153846153846152
1 0.16666666666666663
1 0.0461538461538461
1 0.050000000000000044
1 0.07272727272727275
1 0.018181818181818188
1 0.19090909090909092
1 0.06666666666666665
1 0.1454545454545455
1 0.09166666666666667
2 0.025000000000000022
2 0.033333333333333326
2 0.01666666666666672
2 0.01666666666666672
2 0.020000000000000018
2 0.01666666666666672
2 0.08333333333333337
2 0.09230769230769231
2 0.045454545454545414
2 0.027272727272727226
2 0.054545454545454564
2 0.09999999999999998
2 0.09166666666666667
2 0.050000000000000044
3 0.09999999999999998
3 0.10909090909090913
3 0.09166666666666667
3 0.2909090909090909
3 0.07999999999999996
3 0.0636363636363636
3 0.09999999999999998
3 0.21999999999999997
3 0.21666666666666667
3 0.18333333333333335
3 0.2416666666666667
3 0.23333333333333328
3 0.15000000000000002
3 0.1636363636363637
4 0.025000000000000022
4 0.19999999999999996
4 0.22499999999999998
4 0.09999999999999998
4 0.14166666666666672
4 0.09090909090909094
4 0.09999999999999998
4 0.1166666666666667
4 0.05833333333333335
4 0.22499999999999998
4 0.18333333333333335
4 0.07499999999999996
4 0.050000000000000044
4 0.08333333333333337
5 0.0
5 0.07499999999999996
5 0.08333333333333337
5 0.24545454545454548
5 0.05833333333333335
5 0.10833333333333328
5 0.1166666666666667
5 0.13076923076923075
5 0.033333333333333326
5 0.1636363636363637
5 0.06666666666666665
5 0.04166666666666663
5 0.12307692307692308
5 0.1461538461538462
6 0.2666666666666667
6 0.125
6 0.09999999999999998
6 0.16923076923076918
6 0.08333333333333337
6 0.07857142857142863
6 0.11538461538461542
6 0.15000000000000002
6 0.06153846153846154
6 0.13076923076923075
6 0.1461538461538462
6 0.1428571428571429
6 0.021428571428571463
6 0.06666666666666665
7 0.09285714285714286
7 0.07499999999999996
7 0.07857142857142863
7 0.23571428571428577
7 0.25
7 0.07857142857142863
7 0.16428571428571426
7 0.07692307692307687
7 0.07857142857142863
7 0.12142857142857144
7 0.22857142857142854
7 0.08571428571428574
7 0.11428571428571432
7 0.13076923076923075
8 0.11538461538461542
8 0.08571428571428574
8 0.11428571428571432
8 0.07857142857142863
8 0.05714285714285716
8 0.1461538461538462
8 0.09999999999999998
8 0.08461538461538465
8 0.08461538461538465
8 0.06428571428571428
8 0.19285714285714284
8 0.30000000000000004
8 0.06153846153846154
8 0.038461538461538436
9 0.0692307692307692
9 0.050000000000000044
9 0.12142857142857144
9 0.09999999999999998
9 0.16428571428571426
9 0.12857142857142856
9 0.27142857142857146
9 0.042857142857142816
9 0.08461538461538465
9 0.06153846153846154
9 0.20714285714285718
9 0.08333333333333337
9 0.06428571428571428
9 0.11428571428571432
10 0.12142857142857144
10 0.07857142857142863
10 0.0692307692307692
10 0.09285714285714286
10 0.09230769230769231
10 0.050000000000000044
10 0.05714285714285716
10 0.1923076923076923
10 0.11428571428571432
10 0.05384615384615388
10 0.06428571428571428
10 0.07857142857142863
10 0.0714285714285714
10 0.0714285714285714
11 0.0714285714285714
11 0.06153846153846154
11 0.13571428571428568
11 0.08461538461538465
11 0.23333333333333328
11 0.06153846153846154
11 0.05714285714285716
11 0.22307692307692306
11 0.23571428571428577
11 0.009090909090909038
11 0.22142857142857142
11 0.07857142857142863
11 0.06428571428571428
11 0.042857142857142816
12 0.09999999999999998
12 0.07692307692307687
12 0.17692307692307696
12 0.09285714285714286
12 0.09285714285714286
12 0.05384615384615388
12 0.2785714285714286
12 0.09230769230769231
12 0.05833333333333335
12 0.05833333333333335
12 0.07857142857142863
12 0.05714285714285716
12 0.2857142857142857
12 0.06153846153846154
13 0.1384615384615384
13 0.16923076923076918
13 0.22307692307692306
13 0.06153846153846154
13 0.038461538461538436
13 0.0714285714285714
13 0.05714285714285716
13 0.2384615384615385
13 0.23571428571428577
13 0.15714285714285714
13 0.09285714285714286
13 0.2571428571428571
13 0.22142857142857142
13 0.02857142857142858
14 0.26428571428571423
14 0.09999999999999998
14 0.06428571428571428
14 0.05714285714285716
14 0.0714285714285714
14 0.09999999999999998
14 0.07857142857142863
14 0.1071428571428571
14 0.24615384615384617
14 0.06153846153846154
14 0.09285714285714286
14 0.11538461538461542
14 0.19999999999999996
14 0.3076923076923077
15 0.22857142857142854
15 0.11428571428571432
15 0.06428571428571428
15 0.0714285714285714
15 0.09999999999999998
15 0.06428571428571428
15 0.16428571428571426
15 0.23333333333333328
15 0.19285714285714284
15 0.06153846153846154
15 0.12142857142857144
15 0.07692307692307687
15 0.1071428571428571
15 0.09230769230769231
16 0.09999999999999998
16 0.2571428571428571
16 0.27692307692307694
16 0.05714285714285716
16 0.0714285714285714
16 0.12142857142857144
16 0.20714285714285718
16 0.05384615384615388
16 0.09230769230769231
16 0.03076923076923077
16 0.0692307692307692
16 0.09999999999999998
16 0.05384615384615388
16 0.07692307692307687
17 0.20714285714285718
17 0.08461538461538465
17 0.06153846153846154
17 0.0461538461538461
17 0.0692307692307692
17 0.19999999999999996
17 0.0692307692307692
17 0.038461538461538436
17 0.07692307692307687
17 0.11428571428571432
17 0.09230769230769231
17 0.09999999999999998
17 0.05714285714285716
17 0.07857142857142863
18 0.04166666666666663
18 0.16923076923076918
18 0.05384615384615388
18 0.22857142857142854
18 0.1785714285714286
18 0.1428571428571429
18 0.05714285714285716
18 0.20714285714285718
18 0.17692307692307696
18 0.17142857142857137
18 0.0714285714285714
18 0.2142857142857143
18 0.09999999999999998
18 0.1428571428571429
19 0.05384615384615388
19 0.09999999999999998
19 0.12857142857142856
19 0.06153846153846154
19 0.16153846153846152
19 0.2384615384615385
19 0.13076923076923075
19 0.16428571428571426
19 0.12857142857142856
19 0.09999999999999998
19 0.08571428571428574
19 0.09285714285714286
19 0.09230769230769231
19 0.07692307692307687
20 0.09285714285714286
20 0.2416666666666667
20 0.13076923076923075
20 0.0714285714285714
20 0.0357142857142857
20 0.06428571428571428
20 0.17142857142857137
20 0.1071428571428571
20 0.16923076923076918
20 0.24285714285714288
20 0.19166666666666665
20 0.042857142857142816
20 0.06428571428571428
20 0.16923076923076918
21 0.0461538461538461
21 0.16428571428571426
21 0.0714285714285714
21 0.25
21 0.07692307692307687
21 0.11428571428571432
21 0.06153846153846154
21 0.13571428571428568
21 0.09285714285714286
21 0.0692307692307692
21 0.12857142857142856
21 0.07857142857142863
21 0.0461538461538461
21 0.08461538461538465
22 0.1071428571428571
22 0.0714285714285714
22 0.09230769230769231
22 0.0714285714285714
22 0.08571428571428574
22 0.042857142857142816
22 0.12142857142857144
22 0.17142857142857137
22 0.0714285714285714
22 0.1071428571428571
22 0.1785714285714286
22 0.07857142857142863
22 0.14166666666666672
22 0.050000000000000044
23 0.09999999999999998
23 0.07857142857142863
23 0.12857142857142856
23 0.06428571428571428
23 0.08571428571428574
23 0.18461538461538463
23 0.27142857142857146
23 0.09285714285714286
23 0.08571428571428574
23 0.12857142857142856
23 0.0714285714285714
23 0.13076923076923075
23 0.0692307692307692
23 0.0714285714285714
24 0.08571428571428574
24 0.050000000000000044
24 0.19999999999999996
24 0.08461538461538465
24 0.11538461538461542
24 0.1785714285714286
24 0.1384615384615384
24 0.11428571428571432
24 0.09999999999999998
24 0.08571428571428574
24 0.08571428571428574
24 0.2846153846153846
24 0.07692307692307687
24 0.07857142857142863
25 0.34615384615384615
25 0.10769230769230764
25 0.16666666666666663
25 0.08571428571428574
25 0.27142857142857146
25 0.07692307692307687
25 0.0714285714285714
25 0.10769230769230764
25 0.05384615384615388
25 0.09285714285714286
25 0.1384615384615384
25 0.18571428571428572
25 0.08461538461538465
25 0.0692307692307692
26 0.2692307692307693
26 0.08571428571428574
26 0.08571428571428574
26 0.23571428571428577
26 0.03076923076923077
26 0.0692307692307692
26 0.03076923076923077
26 0.08571428571428574
26 0.2615384615384615
26 0.05714285714285716
26 0.1166666666666667
26 0.12142857142857144
26 0.09285714285714286
26 0.12857142857142856
27 0.06428571428571428
27 0.0357142857142857
27 0.09285714285714286
27 0.15384615384615385
27 0.06428571428571428
27 0.07692307692307687
27 0.0714285714285714
27 0.09285714285714286
27 0.09999999999999998
27 0.07857142857142863
27 0.07692307692307687
27 0.1071428571428571
27 0.050000000000000044
27 0.09999999999999998
28 0.2142857142857143
28 0.27142857142857146
28 0.22857142857142854
28 0.09999999999999998
28 0.050000000000000044
28 0.07857142857142863
28 0.03076923076923077
28 0.0692307692307692
28 0.0714285714285714
28 0.13571428571428568
28 0.12307692307692308
28 0.038461538461538436
28 0.0714285714285714
28 0.15000000000000002
29 0.06153846153846154
29 0.2571428571428571
29 0.05384615384615388
29 0.050000000000000044
29 0.050000000000000044
29 0.1785714285714286
29 0.14166666666666672
29 0.09999999999999998
29 0.050000000000000044
29 0.23571428571428577
29 0.16428571428571426
29 0.1071428571428571
29 0.18571428571428572
29 0.09166666666666667
30 0.13076923076923075
30 0.0714285714285714
30 0.19999999999999996
30 0.07857142857142863
30 0.22142857142857142
30 0.07857142857142863
30 0.12142857142857144
30 0.19999999999999996
30 0.12857142857142856
30 0.09230769230769231
30 0.24285714285714288
30 0.1071428571428571
30 0.17142857142857137
30 0.25384615384615383
31 0.11538461538461542
31 0.06153846153846154
31 0.09285714285714286
31 0.1785714285714286
31 0.1923076923076923
31 0.15714285714285714
31 0.09999999999999998
31 0.07857142857142863
31 0.2142857142857143
31 0.20769230769230773
31 0.11538461538461542
31 0.0692307692307692
31 0.06428571428571428
31 0.09999999999999998
32 0.2846153846153846
32 0.05384615384615388
32 0.11428571428571432
32 0.07857142857142863
32 0.0714285714285714
32 0.09999999999999998
32 0.07857142857142863
32 0.12307692307692308
32 0.08571428571428574
32 0.09230769230769231
32 0.23076923076923073
32 0.22142857142857142
32 0.12857142857142856
32 0.07857142857142863
33 0.06428571428571428
33 0.0692307692307692
33 0.07499999999999996
33 0.1923076923076923
33 0.20714285714285718
33 0.0692307692307692
33 0.05714285714285716
33 0.09230769230769231
33 0.19999999999999996
33 0.15833333333333333
33 0.15714285714285714
33 0.09999999999999998
33 0.038461538461538436
33 0.0461538461538461
34 0.16923076923076918
34 0.07857142857142863
34 0.023076923076923106
34 0.12857142857142856
34 0.09230769230769231
34 0.18571428571428572
34 0.15000000000000002
34 0.06428571428571428
34 0.22307692307692306
34 0.07857142857142863
34 0.16428571428571426
34 0.08461538461538465
34 0.0714285714285714
34 0.09999999999999998
35 0.26428571428571423
35 0.0714285714285714
35 0.0461538461538461
35 0.19285714285714284
35 0.08333333333333337
35 0.08461538461538465
35 0.1428571428571429
35 0.0692307692307692
35 0.09285714285714286
35 0.0461538461538461
35 0.038461538461538436
35 0.24285714285714288
35 0.0692307692307692
35 0.08571428571428574
36 0.02857142857142858
36 0.17142857142857137
36 0.07857142857142863
36 0.09999999999999998
36 0.2785714285714286
36 0.11428571428571432
36 0.30000000000000004
36 0.09999999999999998
36 0.06153846153846154
36 0.2384615384615385
36 0.15714285714285714
36 0.05833333333333335
36 0.0692307692307692
36 0.08461538461538465
37 0.19999999999999996
37 0.12142857142857144
37 0.06153846153846154
37 0.09999999999999998
37 0.17692307692307696
37 0.18461538461538463
37 0.0692307692307692
37 0.09230769230769231
37 0.09999999999999998
37 0.0692307692307692
37 0.0692307692307692
37 0.09285714285714286
37 0.06153846153846154
37 0.08461538461538465
38 0.26428571428571423
38 0.2785714285714286
38 0.22142857142857142
38 0.09230769230769231
38 0.08571428571428574
38 0.22142857142857142
38 0.0714285714285714
38 0.1461538461538462
38 0.08571428571428574
38 0.0692307692307692
38 0.18461538461538463
38 0.050000000000000044
38 0.09230769230769231
38 0.1785714285714286
39 0.1428571428571429
39 0.13571428571428568
39 0.15833333333333333
39 0.0714285714285714
39 0.18571428571428572
39 0.1428571428571429
39 0.0714285714285714
39 0.20714285714285718
39 0.007692307692307665
39 0.15000000000000002
39 0.2928571428571428
39 0.0692307692307692
39 0.06666666666666665
39 0.09285714285714286
40 0.24285714285714288
40 0.16428571428571426
40 0.23076923076923073
40 0.1071428571428571
40 0.24285714285714288
40 0.08571428571428574
40 0.27142857142857146
40 0.08571428571428574
40 0.07857142857142863
40 0.19999999999999996
40 0.1785714285714286
40 0.1428571428571429
40 0.06428571428571428
40 0.038461538461538436
41 0.06428571428571428
41 0.1071428571428571
41 0.08461538461538465
41 0.0692307692307692
41 0.20714285714285718
41 0.12307692307692308
41 0.06428571428571428
41 0.07857142857142863
41 0.19999999999999996
41 0.0714285714285714
41 0.12857142857142856
41 0.1071428571428571
41 0.08571428571428574
41 0.054545454545454564
42 0.20714285714285718
42 0.07857142857142863
42 0.13571428571428568
42 0.050000000000000044
42 0.1785714285714286
42 0.06428571428571428
42 0.1071428571428571
42 0.13571428571428568
42 0.17142857142857137
42 0.16153846153846152
42 0.15000000000000002
42 0.05714285714285716
42 0.11538461538461542
42 0.25384615384615383
43 0.1461538461538462
43 0.13076923076923075
43 0.08571428571428574
43 0.2571428571428571
43 0.042857142857142816
43 0.20714285714285718
43 0.09999999999999998
43 0.1071428571428571
43 0.1333333333333333
43 0.050000000000000044
43 0.1384615384615384
43 0.07857142857142863
43 0.12142857142857144
43 0.125
44 0.24285714285714288
44 0.1071428571428571
44 0.1071428571428571
44 0.22142857142857142
44 0.12142857142857144
44 0.1461538461538462
44 0.08571428571428574
44 0.07857142857142863
44 0.1166666666666667
44 0.09999999999999998
44 0.22142857142857142
44 0.042857142857142816
44 0.08333333333333337
44 0.15384615384615385
45 0.0714285714285714
45 0.05714285714285716
45 0.10769230769230764
45 0.15833333333333333
45 0.0714285714285714
45 0.07692307692307687
45 0.13571428571428568
45 0.12857142857142856
45 0.22142857142857142
45 0.050000000000000044
45 0.03076923076923077
45 0.07692307692307687
45 0.12142857142857144
45 0.050000000000000044
46 0.09230769230769231
46 0.02857142857142858
46 0.12142857142857144
46 0.0357142857142857
46 0.07857142857142863
46 0.2153846153846154
46 0.06153846153846154
46 0.2142857142857143
46 0.06153846153846154
46 0.0714285714285714
46 0.033333333333333326
46 0.13571428571428568
46 0.16428571428571426
46 0.22142857142857142
47 0.06428571428571428
47 0.09999999999999998
47 0.18461538461538463
47 0.1785714285714286
47 0.07692307692307687
47 0.06428571428571428
47 0.16153846153846152
47 0.06428571428571428
47 0.042857142857142816
47 0.12857142857142856
47 0.12142857142857144
47 0.12857142857142856
47 0.23571428571428577
47 0.0714285714285714
48 0.06428571428571428
48 0.10769230769230764
48 0.15000000000000002
48 0.15714285714285714
48 0.0461538461538461
48 0.22142857142857142
48 0.07857142857142863
48 0.08571428571428574
48 0.08571428571428574
48 0.09285714285714286
48 0.08571428571428574
48 0.05384615384615388
48 0.05384615384615388
48 0.0692307692307692
49 0.11428571428571432
49 0.09999999999999998
49 0.07857142857142863
49 0.1428571428571429
49 0.18461538461538463
49 0.09285714285714286
49 0.13076923076923075
49 0.11428571428571432
49 0.20714285714285718
49 0.08571428571428574
49 0.09999999999999998
49 0.11538461538461542
49 0.09285714285714286
49 0.07857142857142863
50 0.02857142857142858
50 0.19999999999999996
50 0.0692307692307692
50 0.09999999999999998
50 0.050000000000000044
50 0.1785714285714286
50 0.0692307692307692
50 0.13571428571428568
50 0.042857142857142816
50 0.12142857142857144
50 0.06153846153846154
50 0.0461538461538461
50 0.07692307692307687
50 0.0714285714285714
51 0.1428571428571429
51 0.20714285714285718
51 0.0714285714285714
51 0.06428571428571428
51 0.07692307692307687
51 0.0714285714285714
51 0.22857142857142854
51 0.2785714285714286
51 0.0692307692307692
51 0.07857142857142863
51 0.26428571428571423
51 0.07692307692307687
51 0.0714285714285714
51 0.07857142857142863
52 0.1071428571428571
52 0.042857142857142816
52 0.26428571428571423
52 0.05833333333333335
52 0.07857142857142863
52 0.08571428571428574
52 0.09999999999999998
52 0.07857142857142863
52 0.10833333333333328
52 0.07857142857142863
52 0.06428571428571428
52 0.02857142857142858
52 0.06428571428571428
52 0.09230769230769231
53 0.09230769230769231
53 0.0714285714285714
53 0.19285714285714284
53 0.11428571428571432
53 0.12142857142857144
53 0.1384615384615384
53 0.2571428571428571
53 0.18461538461538463
53 0.09999999999999998
53 0.24285714285714288
53 0.22857142857142854
53 0.1785714285714286
53 0.07857142857142863
53 0.0714285714285714
54 0.07692307692307687
54 0.08461538461538465
54 0.05714285714285716
54 0.23571428571428577
54 0.09999999999999998
54 0.07857142857142863
54 0.09285714285714286
54 0.24285714285714288
54 0.04166666666666663
54 0.042857142857142816
54 0.11538461538461542
54 0.2615384615384615
54 0.33571428571428574
54 0.09285714285714286
55 0.0692307692307692
55 0.17142857142857137
55 0.27692307692307694
55 0.0357142857142857
55 0.06428571428571428
55 0.22307692307692306
55 0.08461538461538465
55 0.1923076923076923
55 0.06428571428571428
55 0.050000000000000044
55 0.07857142857142863
55 0.06428571428571428
55 0.09230769230769231
55 0.02857142857142858
56 0.021428571428571463
56 0.03076923076923077
56 0.07857142857142863
56 0.08461538461538465
56 0.08571428571428574
56 0.0692307692307692
56 0.050000000000000044
56 0.06666666666666665
56 0.1785714285714286
56 0.09285714285714286
56 0.10769230769230764
56 0.0636363636363636
56 0.06428571428571428
56 0.09285714285714286
57 0.1071428571428571
57 0.09230769230769231
57 0.1071428571428571
57 0.27142857142857146
57 0.0714285714285714
57 0.09999999999999998
57 0.09230769230769231
57 0.08461538461538465
57 0.12857142857142856
57 0.07857142857142863
57 0.16428571428571426
57 0.07857142857142863
57 0.20769230769230773
57 0.050000000000000044
58 0.07272727272727275
58 0.1384615384615384
58 0.1923076923076923
58 0.09230769230769231
58 0.23571428571428577
58 0.07499999999999996
58 0.08333333333333337
58 0.1461538461538462
58 0.1785714285714286
58 0.07857142857142863
58 0.1428571428571429
58 0.09999999999999998
58 0.0461538461538461
58 0.18571428571428572
59 0.07692307692307687
59 0.15714285714285714
59 0.0714285714285714
59 0.08571428571428574
59 0.05714285714285716
59 0.17142857142857137
59 0.042857142857142816
59 0.22142857142857142
59 0.05714285714285716
59 0.06666666666666665
59 0.13076923076923075
59 0.09999999999999998
59 0.07857142857142863
59 0.0692307692307692
60 0.2785714285714286
60 0.06666666666666665
60 0.08571428571428574
60 0.09999999999999998
60 0.042857142857142816
60 0.11428571428571432
60 0.1071428571428571
60 0.08571428571428574
60 0.038461538461538436
60 0.1461538461538462
60 0.2384615384615385
60 0.22857142857142854
60 0.08571428571428574
60 0.1785714285714286
61 0.07692307692307687
61 0.22142857142857142
61 0.09999999999999998
61 0.22142857142857142
61 0.06153846153846154
61 0.06428571428571428
61 0.17692307692307696
61 0.16923076923076918
61 0.17142857142857137
61 0.05714285714285716
61 0.15714285714285714
61 0.06428571428571428
61 0.08571428571428574
61 0.23571428571428577
62 0.08571428571428574
62 0.042857142857142816
62 0.17142857142857137
62 0.22857142857142854
62 0.18571428571428572
62 0.2153846153846154
62 0.22857142857142854
62 0.09230769230769231
62 0.09999999999999998
62 0.17692307692307696
62 0.1384615384615384
62 0.050000000000000044
62 0.19999999999999996
62 0.07857142857142863
63 0.09999999999999998
63 0.07499999999999996
63 0.15714285714285714
63 0.12142857142857144
63 0.15000000000000002
63 0.12142857142857144
63 0.08571428571428574
63 0.15833333333333333
63 0.050000000000000044
63 0.1071428571428571
63 0.17500000000000004
63 0.1071428571428571
63 0.16923076923076918
63 0.050000000000000044
64 0.12307692307692308
64 0.0714285714285714
64 0.30000000000000004
64 0.0714285714285714
64 0.08571428571428574
64 0.18571428571428572
64 0.1785714285714286
64 0.09230769230769231
64 0.07857142857142863
64 0.27142857142857146
64 0.050000000000000044
64 0.050000000000000044
64 0.1071428571428571
64 0.05384615384615388
65 0.050000000000000044
65 0.0714285714285714
65 0.15000000000000002
65 0.20714285714285718
65 0.06153846153846154
65 0.12857142857142856
65 0.07692307692307687
65 0.05714285714285716
65 0.0357142857142857
65 0.07692307692307687
65 0.2142857142857143
65 0.09285714285714286
65 0.09999999999999998
65 0.2785714285714286
66 0.06428571428571428
66 0.15714285714285714
66 0.10769230769230764
66 0.11538461538461542
66 0.08333333333333337
66 0.0692307692307692
66 0.20714285714285718
66 0.0461538461538461
66 0.1428571428571429
66 0.13076923076923075
66 0.09999999999999998
66 0.06428571428571428
66 0.12857142857142856
66 0.12142857142857144
67 0.2142857142857143
67 0.15000000000000002
67 0.12142857142857144
67 0.12142857142857144
67 0.1461538461538462
67 0.1071428571428571
67 0.27692307692307694
67 0.0692307692307692
67 0.09285714285714286
67 0.12142857142857144
67 0.26428571428571423
67 0.07692307692307687
67 0.07692307692307687
67 0.3142857142857143
68 0.15714285714285714
68 0.05714285714285716
68 0.3214285714285714
68 0.08461538461538465
68 0.07857142857142863
68 0.042857142857142816
68 0.15384615384615385
68 0.2785714285714286
68 0.1071428571428571
68 0.0714285714285714
68 0.042857142857142816
68 0.09999999999999998
68 0.09999999999999998
68 0.1923076923076923
69 0.22307692307692306
69 0.050000000000000044
69 0.06428571428571428
69 0.03076923076923077
69 0.30000000000000004
69 0.0714285714285714
69 0.06153846153846154
69 0.0714285714285714
69 0.10769230769230764
69 0.09999999999999998
69 0.03076923076923077
69 0.09285714285714286
69 0.08571428571428574
69 0.11428571428571432
70 0.03076923076923077
70 0.0714285714285714
70 0.1428571428571429
70 0.08571428571428574
70 0.0714285714285714
70 0.07857142857142863
70 0.10769230769230764
70 0.18461538461538463
70 0.1384615384615384
70 0.2384615384615385
70 0.25
70 0.15000000000000002
70 0.1071428571428571
70 0.09230769230769231
71 0.050000000000000044
71 0.06153846153846154
71 0.07692307692307687
71 0.25
71 0.0692307692307692
71 0.11428571428571432
71 0.2692307692307693
71 0.09999999999999998
71 0.16428571428571426
71 0.09230769230769231
71 0.09230769230769231
71 0.1785714285714286
71 0.07857142857142863
71 0.19999999999999996
72 0.16428571428571426
72 0.12142857142857144
72 0.08571428571428574
72 0.06428571428571428
72 0.06428571428571428
72 0.06666666666666665
72 0.09090909090909094
72 0.08571428571428574
72 0.1923076923076923
72 0.08461538461538465
72 0.2785714285714286
72 0.19999999999999996
72 0.05384615384615388
72 0.08571428571428574
73 0.06428571428571428
73 0.08571428571428574
73 0.0461538461538461
73 0.12142857142857144
73 0.1428571428571429
73 0.09999999999999998
73 0.05714285714285716
73 0.07499999999999996
73 0.15000000000000002
73 0.0714285714285714
73 0.19999999999999996
73 0.027272727272727226
73 0.10769230769230764
73 0.07857142857142863
74 0.16428571428571426
74 0.16666666666666663
74 0.0714285714285714
74 0.19999999999999996
74 0.1071428571428571
74 0.10769230769230764
74 0.050000000000000044
74 0.08333333333333337
74 0.0714285714285714
74 0.27692307692307694
74 0.038461538461538436
74 0.07857142857142863
74 0.12307692307692308
74 0.16428571428571426
75 0.03076923076923077
75 0.08461538461538465
75 0.34615384615384615
75 0.19285714285714284
75 0.12857142857142856
75 0.042857142857142816
75 0.0692307692307692
75 0.0714285714285714
75 0.06428571428571428
75 0.09999999999999998
75 0.06153846153846154
75 0.07857142857142863
75 0.16428571428571426
75 0.09999999999999998
76 0.19285714285714284
76 0.07857142857142863
76 0.09999999999999998
76 0.1384615384615384
76 0.1071428571428571
76 0.05714285714285716
76 0.22307692307692306
76 0.16428571428571426
76 0.1428571428571429
76 0.09285714285714286
76 0.20769230769230773
76 0.06428571428571428
76 0.09285714285714286
76 0.0714285714285714
77 0.27142857142857146
77 0.0714285714285714
77 0.06428571428571428
77 0.1428571428571429
77 0.1071428571428571
77 0.0357142857142857
77 0.25
77 0.09230769230769231
77 0.06153846153846154
77 0.10769230769230764
77 0.09999999999999998
77 0.07692307692307687
77 0.19999999999999996
77 0.23076923076923073
78 0.0714285714285714
78 0.2846153846153846
78 0.11428571428571432
78 0.050000000000000044
78 0.19999999999999996
78 0.09999999999999998
78 0.07857142857142863
78 0.06153846153846154
78 0.050000000000000044
78 0.11428571428571432
78 0.17142857142857137
78 0.27142857142857146
78 0.09230769230769231
78 0.042857142857142816
79 0.11538461538461542
79 0.0692307692307692
79 0.09999999999999998
79 0.0714285714285714
79 0.12142857142857144
79 0.09999999999999998
79 0.05384615384615388
79 0.12142857142857144
79 0.0714285714285714
79 0.07692307692307687
79 0.09166666666666667
79 0.08461538461538465
79 0.2384615384615385
79 0.1461538461538462
80 0.11428571428571432
80 0.12857142857142856
80 0.2571428571428571
80 0.22857142857142854
80 0.07857142857142863
80 0.05833333333333335
80 0.09285714285714286
80 0.15714285714285714
80 0.1071428571428571
80 0.09285714285714286
80 0.09999999999999998
80 0.2153846153846154
80 0.08571428571428574
80 0.07692307692307687
81 0.07857142857142863
81 0.0692307692307692
81 0.1461538461538462
81 0.07692307692307687
81 0.08571428571428574
81 0.05714285714285716
81 0.1428571428571429
81 0.15384615384615385
81 0.14166666666666672
81 0.16428571428571426
81 0.10769230769230764
81 0.0714285714285714
81 0.08461538461538465
81 0.1071428571428571
82 0.0357142857142857
82 0.08571428571428574
82 0.08571428571428574
82 0.07857142857142863
82 0.07857142857142863
82 0.09999999999999998
82 0.1333333333333333
82 0.22857142857142854
82 0.09285714285714286
82 0.1071428571428571
82 0.09285714285714286
82 0.12142857142857144
82 0.12857142857142856
82 0.0692307692307692
83 0.09999999999999998
83 0.19285714285714284
83 0.20714285714285718
83 0.2857142857142857
83 0.09999999999999998
83 0.17142857142857137
83 0.05714285714285716
83 0.05714285714285716
83 0.12857142857142856
83 0.19285714285714284
83 0.13571428571428568
83 0.08571428571428574
83 0.06428571428571428
83 0.08571428571428574
84 0.11538461538461542
84 0.07857142857142863
84 0.05714285714285716
84 0.2153846153846154
84 0.0692307692307692
84 0.06153846153846154
84 0.08571428571428574
84 0.1428571428571429
84 0.05714285714285716
84 0.0714285714285714
84 0.08461538461538465
84 0.09285714285714286
84 0.25384615384615383
84 0.1071428571428571
85 0.10769230769230764
85 0.22857142857142854
85 0.23571428571428577
85 0.0714285714285714
85 0.09285714285714286
85 0.20769230769230773
85 0.2571428571428571
85 0.1071428571428571
85 0.15000000000000002
85 0.12857142857142856
85 0.30000000000000004
85 0.10769230769230764
85 0.16428571428571426
85 0.0692307692307692
86 0.05714285714285716
86 0.24285714285714288
86 0.05384615384615388
86 0.06153846153846154
86 0.13571428571428568
86 0.20769230769230773
86 0.12857142857142856
86 0.06153846153846154
86 0.08461538461538465
86 0.20769230769230773
86 0.23571428571428577
86 0.050000000000000044
86 0.05384615384615388
86 0.0692307692307692
87 0.06153846153846154
87 0.07857142857142863
87 0.125
87 0.09999999999999998
87 0.050000000000000044
87 0.0461538461538461
87 0.16428571428571426
87 0.19999999999999996
87 0.11538461538461542
87 0.15000000000000002
87 0.16153846153846152
87 0.1461538461538462
87 0.03076923076923077
87 0.1071428571428571
88 0.08571428571428574
88 0.038461538461538436
88 0.0692307692307692
88 0.06428571428571428
88 0.050000000000000044
88 0.1384615384615384
88 0.050000000000000044
88 0.09285714285714286
88 0.2153846153846154
88 0.19285714285714284
88 0.2142857142857143
88 0.0692307692307692
88 0.09999999999999998
88 0.09999999999999998
89 0.07857142857142863
89 0.2785714285714286
89 0.15000000000000002
89 0.0357142857142857
89 0.15000000000000002
89 0.038461538461538436
89 0.09285714285714286
89 0.07857142857142863
89 0.10769230769230764
89 0.10769230769230764
89 0.1923076923076923
89 0.08571428571428574
89 0.08571428571428574
89 0.09999999999999998
90 0.30000000000000004
90 0.09999999999999998
90 0.1428571428571429
90 0.16153846153846152
90 0.25
90 0.1071428571428571
90 0.13076923076923075
90 0.12857142857142856
90 0.10769230769230764
90 0.08333333333333337
90 0.0714285714285714
90 0.06153846153846154
90 0.26428571428571423
90 0.1384615384615384
91 0.12142857142857144
91 0.24615384615384617
91 0.2785714285714286
91 0.12307692307692308
91 0.08461538461538465
91 0.0461538461538461
91 0.08571428571428574
91 0.1071428571428571
91 0.12142857142857144
91 0.13076923076923075
91 0.1785714285714286
91 0.26428571428571423
91 0.09999999999999998
91 0.16428571428571426
92 0.0692307692307692
92 0.16923076923076918
92 0.07857142857142863
92 0.08571428571428574
92 0.05714285714285716
92 0.20769230769230773
92 0.23571428571428577
92 0.2615384615384615
92 0.0692307692307692
92 0.06428571428571428
92 0.16428571428571426
92 0.1428571428571429
92 0.08461538461538465
92 0.0692307692307692
93 0.24285714285714288
93 0.23333333333333328
93 0.10769230769230764
93 0.07857142857142863
93 0.07692307692307687
93 0.1071428571428571
93 0.06428571428571428
93 0.050000000000000044
93 0.06428571428571428
93 0.15000000000000002
93 0.08461538461538465
93 0.07692307692307687
93 0.09230769230769231
93 0.0357142857142857
94 0.09285714285714286
94 0.050000000000000044
94 0.18571428571428572
94 0.08571428571428574
94 0.11428571428571432
94 0.07692307692307687
94 0.06153846153846154
94 0.08461538461538465
94 0.09999999999999998
94 0.23076923076923073
94 0.050000000000000044
94 0.15714285714285714
94 0.09285714285714286
94 0.21666666666666667
95 0.3142857142857143
95 0.0714285714285714
95 0.07857142857142863
95 0.08571428571428574
95 0.09285714285714286
95 0.23571428571428577
95 0.26428571428571423
95 0.07857142857142863
95 0.125
95 0.20714285714285718
95 0.15384615384615385
95 0.22142857142857142
95 0.17142857142857137
95 0.0461538461538461
96 0.06153846153846154
96 0.08461538461538465
96 0.2571428571428571
96 0.16428571428571426
96 0.10769230769230764
96 0.1384615384615384
96 0.0357142857142857
96 0.15000000000000002
96 0.23571428571428577
96 0.06428571428571428
96 0.09999999999999998
96 0.0714285714285714
96 0.0714285714285714
96 0.06428571428571428
97 0.07857142857142863
97 0.06428571428571428
97 0.09999999999999998
97 0.10769230769230764
97 0.08461538461538465
97 0.20769230769230773
97 0.07692307692307687
97 0.06153846153846154
97 0.20714285714285718
97 0.20714285714285718
97 0.06428571428571428
97 0.12142857142857144
97 0.06428571428571428
97 0.08461538461538465
98 0.07857142857142863
98 0.2153846153846154
98 0.08571428571428574
98 0.11428571428571432
98 0.042857142857142816
98 0.1071428571428571
98 0.05384615384615388
98 0.09230769230769231
98 0.05384615384615388
98 0.05714285714285716
98 0.0692307692307692
98 0.14166666666666672
98 0.10769230769230764
98 0.12857142857142856
99 0.17142857142857137
99 0.22857142857142854
99 0.05714285714285716
99 0.09285714285714286
99 0.30000000000000004
99 0.11428571428571432
99 0.0714285714285714
99 0.20769230769230773
99 0.1166666666666667
99 0.13571428571428568
99 0.09999999999999998
99 0.15000000000000002
99 0.08461538461538465
99 0.07692307692307687
